2
8 90
2
8 81
2
8 88
2
8 89
2
21 211
2
21 212
2
21 2121
2
21 2122
2
21 21211
2
21 21212
2
12 121
2
12 122
2
12 1211
2
12 1212
2
12 12121
2
12 12122
2
29 29292
2
29 29293
6
1 2 11 12 21 22
14
1 2 11 12 21 22 111 112 121 211 122 212 221 222
30
1 2 11 12 21 22 111 112 121 211 122 212 221 222 1111 1112 1121 1211 2111 1122 1212 2112 1221 2121 2211 1222 2122 2212 2221 2222
5
1 12 123 1234 12345
7
9 98 987 9876 98765 987654 9876543
6
9 900 9 90 9 9
1
24187
20
1 2 3 4 5 6 7 8 9 10 11 12 13 14 15 16 17 18 19 20
5
1 11 111 1111 11111
6
9 88 777 6666 55555 444444
2
345 3453453
2
345 3453454
2
9909 990
5
991 9909 99 990 989
2
784 78479
2
765 76576579
2
7 778
2
1234123412 1234
2
4321 432143
2
2212 221
5
1 120 1201 12012 120120
5
7 768 7687 76876 768768
2
1234 12349
2
1231231232 123
0
