2 1
2
4
200 50
ffffffffffffffffffffffffffffffffffffffffffffffffff
80000000000000000000000000000000000000000000000001
80000000000000000000000000000000000000000000000001
80000000000000000000000000000000000000000000000001
80000000000000000000000000000000000000000000000001
80000000000000000000000000000000000000000000000001
80000000000000000000000000000000000000000000000001
80000000000000000000000000000000000000000000000001
80000000000000000000000000000000000000000000000001
80000000000000000000000000000000000000000000000001
80000000000000000000000000000000000000000000000001
80000000000000000000000000000000000000000000000001
80000000000000000000000000000000000000000000000001
80000000000000000000000000000000000000000000000001
80000000000000000000000000000000000000000000000001
80000000000000000000000000000000000000000000000001
80000000000000000000000000000000000000000000000001
80000000000000000000000000000000000000000000000001
80000000000000000000000000000000000000000000000001
80000000000000000000000000000000000000000000000001
80000000000000000000000000000000000000000000000001
80000000000000000000000000000000000000000000000001
80000000000000000000000000000000000000000000000001
80000000000000000000000000000000000000000000000001
80000000000000000000000000000000000000000000000001
80000000000000000000000000000000000000000000000001
80000000000000000000000000000000000000000000000001
80000000000000000000000000000000000000000000000001
80000000000000000000000000000000000000000000000001
80000000000000000000000000000000000000000000000001
80000000000000000000000000000000000000000000000001
80000000000000000000000000000000000000000000000001
80000000000000000000000000000000000000000000000001
80000000000000000000000000000000000000000000000001
80000000000000000000000000000000000000000000000001
80000000000000000000000000000000000000000000000001
80000000000000000000000000000000000000000000000001
80000000000000000000000000000000000000000000000001
80000000000000000000000000000000000000000000000001
80000000000000000000000000000000000000000000000001
80000000000000000000000000000000000000000000000001
80000000000000000000000000000000000000000000000001
80000000000000000000000000000000000000000000000001
80000000000000000000000000000000000000000000000001
80000000000000000000000000000000000000000000000001
80000000000000000000000000000000000000000000000001
80000000000000000000000000000000000000000000000001
80000000000000000000000000000000000000000000000001
80000000000000000000000000000000000000000000000001
80000000000000000000000000000000000000000000000001
80000000000000000000000000000000000000000000000001
80000000000000000000000000000000000000000000000001
80000000000000000000000000000000000000000000000001
80000000000000000000000000000000000000000000000001
80000000000000000000000000000000000000000000000001
80000000000000000000000000000000000000000000000001
80000000000000000000000000000000000000000000000001
80000000000000000000000000000000000000000000000001
80000000000000000000000000000000000000000000000001
80000000000000000000000000000000000000000000000001
80000000000000000000000000000000000000000000000001
80000000000000000000000000000000000000000000000001
80000000000000000000000000000000000000000000000001
80000000000000000000000000000000000000000000000001
80000000000000000000000000000000000000000000000001
80000000000000000000000000000000000000000000000001
80000000000000000000000000000000000000000000000001
80000000000000000000000000000000000000000000000001
80000000000000000000000000000000000000000000000001
80000000000000000000000000000000000000000000000001
80000000000000000000000000000000000000000000000001
80000000000000000000000000000000000000000000000001
80000000000000000000000000000000000000000000000001
80000000000000000000000000000000000000000000000001
80000000000000000000000000000000000000000000000001
80000000000000000000000000000000000000000000000001
80000000000000000000000000000000000000000000000001
80000000000000000000000000000000000000000000000001
80000000000000000000000000000000000000000000000001
80000000000000000000000000000000000000000000000001
80000000000000000000000000000000000000000000000001
80000000000000000000000000000000000000000000000001
80000000000000000000000000000000000000000000000001
80000000000000000000000000000000000000000000000001
80000000000000000000000000000000000000000000000001
80000000000000000000000000000000000000000000000001
80000000000000000000000000000000000000000000000001
80000000000000000000000000000000000000000000000001
80000000000000000000000000000000000000000000000001
80000000000000000000000000000000000000000000000001
80000000000000000000000000000000000000000000000001
80000000000000000000000000000000000000000000000001
80000000000000000000000000000000000000000000000001
80000000000000000000000000000000000000000000000001
80000000000000000000000000000000000000000000000001
80000000000000000000000000000000000000000000000001
80000000000000000000000000000000000000000000000001
80000000000000000000000000000000000000000000000001
80000000000000000000000000000000000000000000000001
80000000000000000000000000000000000000000000000001
80000000000000000000000000000000000000000000000001
80000000000000000000000000000000000000000000000001
80000000000000000000000000000000000000000000000001
80000000000000000000000000000000000000000000000001
80000000000000000000000000000000000000000000000001
80000000000000000000000000000000000000000000000001
80000000000000000000000000000000000000000000000001
80000000000000000000000000000000000000000000000001
80000000000000000000000000000000000000000000000001
80000000000000000000000000000000000000000000000001
80000000000000000000000000000000000000000000000001
80000000000000000000000000000000000000000000000001
80000000000000000000000000000000000000000000000001
80000000000000000000000000000000000000000000000001
80000000000000000000000000000000000000000000000001
80000000000000000000000000000000000000000000000001
80000000000000000000000000000000000000000000000001
80000000000000000000000000000000000000000000000001
80000000000000000000000000000000000000000000000001
80000000000000000000000000000000000000000000000001
80000000000000000000000000000000000000000000000001
80000000000000000000000000000000000000000000000001
80000000000000000000000000000000000000000000000001
80000000000000000000000000000000000000000000000001
80000000000000000000000000000000000000000000000001
80000000000000000000000000000000000000000000000001
80000000000000000000000000000000000000000000000001
80000000000000000000000000000000000000000000000001
80000000000000000000000000000000000000000000000001
80000000000000000000000000000000000000000000000001
80000000000000000000000000000000000000000000000001
80000000000000000000000000000000000000000000000001
80000000000000000000000000000000000000000000000001
80000000000000000000000000000000000000000000000001
80000000000000000000000000000000000000000000000001
80000000000000000000000000000000000000000000000001
80000000000000000000000000000000000000000000000001
80000000000000000000000000000000000000000000000001
80000000000000000000000000000000000000000000000001
80000000000000000000000000000000000000000000000001
80000000000000000000000000000000000000000000000001
80000000000000000000000000000000000000000000000001
80000000000000000000000000000000000000000000000001
80000000000000000000000000000000000000000000000001
80000000000000000000000000000000000000000000000001
80000000000000000000000000000000000000000000000001
80000000000000000000000000000000000000000000000001
80000000000000000000000000000000000000000000000001
80000000000000000000000000000000000000000000000001
80000000000000000000000000000000000000000000000001
80000000000000000000000000000000000000000000000001
80000000000000000000000000000000000000000000000001
80000000000000000000000000000000000000000000000001
80000000000000000000000000000000000000000000000001
80000000000000000000000000000000000000000000000001
80000000000000000000000000000000000000000000000001
80000000000000000000000000000000000000000000000001
80000000000000000000000000000000000000000000000001
80000000000000000000000000000000000000000000000001
80000000000000000000000000000000000000000000000001
80000000000000000000000000000000000000000000000001
80000000000000000000000000000000000000000000000001
80000000000000000000000000000000000000000000000001
80000000000000000000000000000000000000000000000001
80000000000000000000000000000000000000000000000001
80000000000000000000000000000000000000000000000001
80000000000000000000000000000000000000000000000001
80000000000000000000000000000000000000000000000001
80000000000000000000000000000000000000000000000001
80000000000000000000000000000000000000000000000001
80000000000000000000000000000000000000000000000001
80000000000000000000000000000000000000000000000001
80000000000000000000000000000000000000000000000001
80000000000000000000000000000000000000000000000001
80000000000000000000000000000000000000000000000001
80000000000000000000000000000000000000000000000001
80000000000000000000000000000000000000000000000001
80000000000000000000000000000000000000000000000001
80000000000000000000000000000000000000000000000001
80000000000000000000000000000000000000000000000001
80000000000000000000000000000000000000000000000001
80000000000000000000000000000000000000000000000001
80000000000000000000000000000000000000000000000001
80000000000000000000000000000000000000000000000001
80000000000000000000000000000000000000000000000001
80000000000000000000000000000000000000000000000001
80000000000000000000000000000000000000000000000001
80000000000000000000000000000000000000000000000001
80000000000000000000000000000000000000000000000001
80000000000000000000000000000000000000000000000001
80000000000000000000000000000000000000000000000001
80000000000000000000000000000000000000000000000001
80000000000000000000000000000000000000000000000001
80000000000000000000000000000000000000000000000001
80000000000000000000000000000000000000000000000001
80000000000000000000000000000000000000000000000001
80000000000000000000000000000000000000000000000001
80000000000000000000000000000000000000000000000001
80000000000000000000000000000000000000000000000001
ffffffffffffffffffffffffffffffffffffffffffffffffff
0 0