40 3 6
6 2 26 3
10 1 36 2
14 3 18 3
37 1 18 3
36 2 37 1
18 2 27 1
20 28 6
1 24 19 9
5 10 2 8
9 27 13 20
5 25 20 12
3 25 2 23
9 21 5 2
16 43 3
11 22 12 23
12 28 6 41
10 23 11 21
4 27 9
3 21 1 18
1 23 2 20
4 8 1 16
1 25 1 12
3 26 2 23
1 21 1 12
3 9 3 10
3 7 2 4
2 7 1 20
32 16 2
17 15 1 14
17 3 31 1
26 14 4
26 11 4 14
7 13 2 8
11 4 17 12
23 10 25 7
46 15 1
27 9 38 10
21 21 2
9 5 10 18
14 16 3 18
27 15 7
2 8 6 3
5 12 15 6
3 10 23 3
24 3 14 13
11 8 15 12
2 14 15 14
3 13 19 11
50 42 7
1 32 4 11
20 22 20 23
40 22 12 38
32 37 12 40
5 15 21 24
29 25 33 18
37 42 8 19
9 49 2
8 14 7 10
2 1 3 42
12 48 6
3 6 10 29
1 31 5 47
1 40 11 43
8 10 8 47
4 6 11 21
8 5 1 3
24 45 1
13 40 12 20
12 25 1
9 24 3 9
7 17 8
1 11 5 10
2 9 7 7
5 15 7 7
4 5 6 1
2 11 4 16
2 15 3 2
7 5 5 10
6 4 7 3
26 23 6
3 7 20 12
22 6 4 23
21 1 13 5
26 8 3 7
25 13 11 22
23 10 10 19
11 34 7
11 27 8 12
11 11 11 21
9 3 8 3
1 4 10 15
9 31 8 33
8 28 11 1
2 6 5 10
10 3 1
5 3 3 1
34 49 5
17 5 12 11
29 16 11 4
32 26 30 20
33 30 34 49
18 33 19 7
25 21 5
14 17 6 9
13 13 8 2
7 19 24 12
21 4 19 17
23 3 10 21
1 49 2
1 18 1 17
1 22 1 13
28 25 7
6 13 18 17
20 6 10 16
15 21 14 22
21 9 23 17
5 15 15 8
14 20 22 25
12 18 15 2
6 42 6
2 38 3 23
5 18 3 15
3 42 6 37
5 9 1 15
2 23 1 30
1 11 2 4
17 41 5
12 29 3 23
9 33 4 30
7 14 15 18
4 26 14 18
16 2 5 15
47 22 2
19 17 42 18
38 4 31 21
34 35 5
31 19 31 20
18 2 25 33
31 4 24 2
8 22 2 21
24 12 34 24
25 19 7
13 5 6 10
18 9 17 12
12 5 3 12
8 18 21 3
23 8 6 16
23 14 19 19
17 16 4 14
5 29 9
3 22 4 6
3 6 4 24
3 12 5 16
4 17 3 16
3 2 3 3
5 25 2 19
3 25 2 8
1 14 4 19
4 11 2 5
47 5 9
44 3 11 3
22 4 19 2
19 2 24 2
11 5 12 2
43 1 47 5
22 3 33 3
8 4 10 4
26 1 40 3
33 2 19 4
16 10 9
1 7 1 3
14 3 2 3
13 3 15 1
6 4 11 9
1 2 12 8
7 4 11 3
1 1 10 3
11 2 14 1
4 3 2 8
9 47 4
4 44 5 17
7 42 5 28
4 22 2 29
4 47 7 22
9 21 3
5 19 5 10
9 19 2 3
6 16 5 7
28 44 8
19 20 7 31
23 39 4 27
19 5 5 16
19 40 17 33
26 18 11 29
4 41 6 16
17 33 6 1
26 8 20 19
30 49 5
13 19 18 34
9 4 20 31
30 6 28 6
6 35 14 7
27 10 24 9
13 15 9
9 9 2 9
6 12 5 15
12 8 7 14
12 7 6 4
3 4 9 12
2 3 3 7
13 3 9 13
5 2 7 11
9 13 2 12
19 1 2
10 1 10 1
19 1 10 1
5 49 4
2 9 2 37
2 48 3 43
1 41 5 9
3 27 3 41
6 6 2
5 3 6 4
6 1 5 4
25 37 9
9 17 18 20
9 8 17 14
18 34 16 8
15 23 4 30
25 13 13 26
5 32 25 16
10 31 2 7
2 12 1 25
24 16 16 21
9 35 3
1 18 1 24
4 10 8 29
2 7 9 15
29 19 6
25 15 12 7
19 15 1 1
6 10 29 12
11 16 29 11
25 11 25 7
6 7 26 9
14 47 4
6 10 9 15
10 21 9 33
6 17 9 33
10 27 13 36
2 1 4
1 1 1 1
1 1 2 1
2 1 1 1
1 1 2 1
10 18 5
4 6 1 17
8 2 4 10
1 12 9 4
7 7 2 11
10 5 1 12
19 19 9
8 14 14 17
3 7 18 16
13 11 7 5
10 6 11 1
11 5 18 6
9 1 11 5
3 18 5 3
16 4 4 18
11 4 14 15
36 40 1
30 17 9 17
25 36 1
9 3 11 34
49 42 3
29 38 38 9
22 19 18 18
27 16 5 36
2 38 8
2 21 2 24
1 22 1 22
1 6 1 27
2 37 2 30
2 5 2 16
2 10 2 19
2 14 1 23
1 11 1 8
44 47 4
24 10 5 31
12 34 31 7
26 28 40 36
22 22 7 17
0 0 0
