[0.0, -1.0]
0
[1.0, -2.0]
1
[1.5615528128088303, -2.5615528128088303]
1
[2.0, -3.0]
2
[2.3722813232690143, -3.3722813232690143]
2
[2.7015621187164243, -3.7015621187164243]
2
[3.0, -4.0]
3
[3.274917217635375, -4.274917217635375]
3
[3.5311288741492746, -4.531128874149275]
3
[3.772001872658765, -4.772001872658765]
3
[4.0, -5.0]
4
[4.216990566028302, -5.216990566028302]
4
[4.424428900898052, -5.424428900898052]
4
[4.623475382979799, -5.623475382979799]
4
[4.815072906367325, -5.815072906367325]
4
[5.0, -6.0]
5
[5.178908345800274, -6.178908345800274]
5
[5.352349955359813, -6.352349955359813]
5
[5.520797289396148, -6.520797289396148]
5
[5.68465843842649, -6.68465843842649]
5
[5.84428877022476, -6.84428877022476]
5
[6.0, -7.0]
6
[6.152067347825035, -7.152067347825035]
6
[6.300735254367722, -7.300735254367722]
6
[6.446221994724902, -7.446221994724902]
6
[6.588723439378913, -7.588723439378913]
6
[6.72841614740048, -7.72841614740048]
6
[6.865459931328117, -7.865459931328117]
6
[7.0, -8.0]
7
[7.132168761236874, -8.132168761236873]
7
[7.262087348130012, -8.262087348130013]
7
[7.38986691902975, -8.38986691902975]
7
[7.515609770940699, -8.5156097709407]
7
[7.639410298049853, -8.639410298049853]
7
[7.761355820929152, -8.761355820929152]
7
[7.8815273071201055, -8.881527307120106]
7
[8.0, -9.0]
8
[8.116843969807043, -9.116843969807043]
8
[8.23212459828649, -9.23212459828649]
8
[8.345903006477066, -9.345903006477066]
8
[8.458236433584458, -9.458236433584458]
8
[8.569178573608527, -9.569178573608527]
8
[8.67877987534291, -9.67877987534291]
8
[8.787087810503355, -9.787087810503355]
8
[8.894147114027968, -9.894147114027968]
8
[9.0, -10.0]
9
[9.104686356149273, -10.104686356149273]
9
[9.2082439194738, -10.2082439194738]
9
[9.310708435174291, -10.310708435174291]
9
[9.412113800799505, -10.412113800799505]
9
[9.512492197250394, -10.512492197250394]
9
[9.611874208078342, -10.611874208078342]
9
[9.71028892833107, -10.71028892833107]
9
[9.807764064044152, -10.807764064044152]
9
[9.904326023342406, -10.904326023342406]
9
[10.0, -11.0]
10
[10.094810050208546, -11.094810050208546]
10
[10.188779163215974, -11.188779163215974]
10
[10.281929326423912, -11.281929326423912]
10
[10.374281585465774, -11.374281585465774]
10
[10.465856099730654, -11.465856099730654]
10
[10.55667219374799, -11.55667219374799]
10
[10.646748404803978, -11.646748404803978]
10
[10.736102527122116, -11.736102527122116]
10
[10.824751652906125, -11.824751652906125]
10
[10.912712210513327, -11.912712210513327]
10
[11.0, -12.0]
11
[11.086630226256467, -12.086630226256467]
11
[11.172617529928752, -12.172617529928752]
11
[11.257976016304847, -12.257976016304847]
11
[11.34271928232701, -12.34271928232701]
11
[11.426860441876563, -12.426860441876563]
11
[11.510412149464313, -12.510412149464313]
11
[11.593386622447824, -12.593386622447824]
11
[11.675795661885921, -12.675795661885921]
11
[11.757650672131263, -12.757650672131263]
11
[11.838962679253067, -12.838962679253067]
11
[11.919742348374221, -12.919742348374221]
11
[12.0, -13.0]
12
[12.079745625409124, -13.079745625409124]
12
[12.158988901172163, -13.158988901172163]
12
[12.237739202856996, -13.237739202856996]
12
[12.316005617976296, -13.316005617976296]
12
[12.393796958227627, -13.393796958227627]
12
[12.471121771072847, -13.471121771072847]
12
[12.547988350699889, -13.547988350699889]
12
[12.624404748406688, -13.624404748406688]
12
[12.700378782444085, -13.700378782444085]
12
[12.775918047351754, -13.775918047351754]
12
[12.85102992281869, -13.85102992281869]
12
[12.925721582097552, -13.925721582097552]
12
[13.0, -14.0]
13
[13.073871960498227, -14.073871960498227]
13
[13.147344063956181, -14.147344063956181]
13
[13.220422734012244, -14.220422734012244]
13
[13.293114224133722, -14.293114224133722]
13
[13.365424623862047, -14.365424623862047]
13
[13.437359864766353, -14.437359864766353]
13
[13.5089257261219, -14.5089257261219]
13
[13.580127840328723, -14.580127840328723]
13
[13.650971698084906, -14.650971698084906]
13
[13.721462653327892, -14.721462653327892]
13
[13.791605927956452, -14.791605927956452]
13
[13.861406616345072, -14.861406616345072]
13
[13.930869689661812, -14.930869689661812]
13
[14.0, -15.0]
14
[14.068802284333465, -15.068802284333465]
14
[14.137281168304447, -15.137281168304447]
14
[14.205441169852742, -15.205441169852742]
14
[14.273286702694158, -15.273286702694158]
14
[14.34082207965583, -15.34082207965583]
14
[14.408051515875574, -15.408051515875574]
14
[14.474979131871937, -15.474979131871937]
14
[14.541608956491324, -15.541608956491324]
14
[14.607944929738128, -15.607944929738128]
14
[14.673990905493518, -15.673990905493518]
14
[14.739750654128171, -15.739750654128171]
14
[14.805227865013967, -15.805227865013967]
14
[14.870426148939398, -15.870426148939398]
14
[14.935349040433131, -15.935349040433131]
14
[15.0, -16.0]
15
[15.06438241627338, -16.064382416273382]
15
[15.128499608087784, -16.128499608087786]
15
[15.192354826475215, -16.192354826475217]
15
[15.25595125658873, -16.25595125658873]
15
[15.319292019556375, -16.319292019556375]
15
[15.38238017426859, -16.38238017426859]
15
[15.445218719101975, -16.445218719101973]
15
[15.507810593582121, -16.50781059358212]
15
[15.570158679988197, -16.570158679988197]
15
[15.632265804901678, -16.632265804901678]
15
[15.694134740701646, -16.694134740701646]
15
[15.75576820700886, -16.75576820700886]
15
[15.817168872080721, -16.81716887208072]
15
[15.878339354159198, -16.8783393541592]
15
[15.939282222773596, -16.939282222773596]
15
[16.0, -17.0]
16
[16.060495161679196, -17.060495161679196]
16
[16.12077013859466, -17.12077013859466]
16
[16.180827317612277, -17.180827317612277]
16
[16.240669042783207, -17.240669042783207]
16
[16.30029761641144, -17.30029761641144]
16
[16.359715300087366, -17.359715300087366]
16
[16.41892431568863, -17.41892431568863]
16
[16.477926846349646, -17.477926846349646]
16
[16.53672503740082, -17.53672503740082]
16
[16.59532099727876, -17.59532099727876]
16
[16.653716798408443, -17.653716798408443]
16
[16.711914478058507, -17.711914478058507]
16
[16.769916039170543, -17.769916039170543]
16
[16.827723451163457, -17.827723451163457]
16
[16.88533865071371, -17.88533865071371]
16
[16.94276354251241, -17.94276354251241]
16
[17.0, -18.0]
17
[17.05704986607944, -18.05704986607944]
17
[17.113914953808536, -18.113914953808536]
17
[17.17059704707229, -18.17059704707229]
17
[17.227097901235837, -18.227097901235837]
17
[17.283419243778738, -18.283419243778738]
17
[17.339562774911272, -18.339562774911272]
17
[17.39553016817328, -18.39553016817328]
17
[17.45132307101624, -18.45132307101624]
17
[17.506943105369107, -18.506943105369107]
17
[17.562391868188442, -18.562391868188442]
17
[17.617670931993437, -18.617670931993437]
17
[17.672781845386247, -18.672781845386247]
17
[17.727726133558185, -18.727726133558185]
17
[17.782505298782223, -18.782505298782223]
17
[17.83712082089225, -18.83712082089225]
17
[17.89157415774952, -18.89157415774952]
17
[17.945866745696716, -18.945866745696716]
17
[18.0, -19.0]
18
[18.053975315279473, -19.053975315279473]
18
[18.107794065928395, -19.107794065928395]
18
[18.161457606521523, -19.161457606521523]
18
[18.214967272212903, -19.214967272212903]
18
[18.26832437912346, -19.26832437912346]
18
[18.32153022471871, -19.32153022471871]
18
[18.374586088176873, -19.374586088176873]
18
[18.4274932307477, -19.4274932307477]
18
[18.480252896102307, -19.480252896102307]
18
[18.53286631067428, -19.53286631067428]
18
[18.585334683992315, -19.585334683992315]
18
[18.63765920900464, -19.63765920900464]
18
[18.689841062395487, -19.689841062395487]
18
[18.741881404893856, -19.741881404893856]
18
[18.79378138157474, -19.79378138157474]
18
[18.845542122153102, -19.845542122153102]
18
[18.897164741270824, -19.897164741270824]
18
[18.948650338776723, -19.948650338776723]
18
[19.0, -20.0]
19
[19.051214796017153, -20.051214796017153]
19
[19.10229578391266, -20.10229578391266]
19
[19.153244007033546, -20.153244007033546]
19
[19.204060495238032, -20.204060495238032]
19
[19.25474626513841, -20.25474626513841]
19
[19.30530232033836, -20.30530232033836]
19
[19.35572965166478, -20.35572965166478]
19
[19.40602923739438, -20.40602923739438]
19
[19.456202043475106, -20.456202043475106]
19
[19.506249023742555, -20.506249023742555]
19
[19.55617112013158, -20.55617112013158]
19
[19.6059692628831, -20.6059692628831]
19
[19.655644370746373, -20.655644370746373]
19
[19.70519735117675, -20.70519735117675]
19
[19.754629100529094, -20.754629100529094]
19
[19.803940504246953, -20.803940504246953]
19
[19.85313243704762, -20.85313243704762]
19
[19.902205763103165, -20.902205763103165]
19
[19.95116133621756, -20.95116133621756]
19
[20.0, -21.0]
20
[20.04872258803452, -21.04872258803452]
20
[20.09732992404598, -21.09732992404598]
20
[20.145822822062577, -21.145822822062577]
20
[20.194202086574876, -21.194202086574876]
20
[20.24246851269154, -21.24246851269154]
20
[20.29062288629179, -21.29062288629179]
20
[20.338665984174707, -21.338665984174707]
20
[20.386598574205422, -21.386598574205422]
20
[20.43442141545832, -21.43442141545832]
20
[20.482135258357285, -21.482135258357285]
20
[20.52974084481309, -21.52974084481309]
20
[20.57723890835799, -21.57723890835799]
20
[20.62463017427761, -21.62463017427761]
20
[20.67191535974013, -21.67191535974013]
20
[20.719095173922945, -21.719095173922945]
20
[20.766170318136737, -21.766170318136737]
20
[20.813141485947114, -21.813141485947114]
20
[20.860009363293827, -21.860009363293827]
20
[20.906774628607646, -21.906774628607646]
20
[20.953437952924933, -21.953437952924933]
20
[21.0, -22.0]
21
[21.04646142641524, -22.04646142641524]
21
[21.092822881689184, -22.092822881689184]
21
[21.139085008382402, -22.139085008382402]
21
[21.18524844220144, -22.18524844220144]
21
[21.23131381210073, -22.23131381210073]
21
[21.277281740382566, -22.277281740382566]
21
[21.323152842795196, -22.323152842795196]
21
[21.36892772862904, -22.36892772862904]
21
[21.414607000811127, -22.414607000811127]
21
[21.46019125599775, -22.46019125599775]
21
[21.505681084665387, -22.505681084665387]
21
[21.551077071199945, -22.551077071199945]
21
[21.596379793984354, -22.596379793984354]
21
[21.64158982548453, -22.64158982548453]
21
[21.68670773233379, -22.68670773233379]
21
[21.73173407541571, -22.73173407541571]
21
[21.776669409945463, -22.776669409945463]
21
[21.821514285549714, -22.821514285549714]
21
[21.86626924634504, -22.86626924634504]
21
[21.91093483101497, -22.91093483101497]
21
[21.95551157288562, -22.95551157288562]
21
[22.0, -23.0]
22
[22.044400635190993, -23.044400635190993]
22
[22.088713996153036, -23.088713996153036]
22
[22.13294059551255, -23.13294059551255]
22
[22.177080940897135, -23.177080940897135]
22
[22.221135535003526, -23.221135535003526]
22
[22.26510487566442, -23.26510487566442]
22
[22.308989455914087, -23.308989455914087]
22
[22.35278976405288, -23.35278976405288]
22
[22.39650628371062, -23.39650628371062]
22
[22.440139493908923, -23.440139493908923]
22
[22.483689869122408, -23.483689869122408]
22
[22.52715787933891, -23.52715787933891]
22
[22.570543990118654, -23.570543990118654]
22
[22.61384866265244, -23.61384866265244]
22
[22.657072353818823, -23.657072353818823]
22
[22.700215516240362, -23.700215516240362]
22
[22.743278598338918, -23.743278598338918]
22
[22.786262044390035, -23.786262044390035]
22
[22.82916629457641, -23.82916629457641]
22
[22.871991785040485, -23.871991785040485]
22
[22.91473894793619, -23.91473894793619]
22
[22.9574082114798, -23.9574082114798]
22
[23.0, -24.0]
23
[23.042514733987108, -24.042514733987108]
23
[23.08495283014151, -24.08495283014151]
23
[23.12731470142132, -24.12731470142132]
23
[23.16960075708925, -24.16960075708925]
23
[23.21181140275875, -24.21181140275875]
23
[23.253947040439407, -24.253947040439407]
23
[23.29600806858159, -24.29600806858159]
23
[23.337994882120434, -24.337994882120434]
23
[23.379907872519105, -24.379907872519105]
23
[23.421747427811372, -24.421747427811372]
23
[23.46351393264352, -24.46351393264352]
23
[23.505207768315607, -24.505207768315607]
23
[23.546829312822098, -24.546829312822098]
23
[23.588378940891808, -24.588378940891808]
23
[23.62985702402731, -24.62985702402731]
23
[23.671263930543642, -24.671263930543642]
23
[23.712600025606502, -24.712600025606502]
23
[23.753865671269807, -24.753865671269807]
23
[23.795061226512683, -24.795061226512683]
23
[23.836187047275914, -24.836187047275914]
23
[23.87724348649781, -24.87724348649781]
23
[23.91823089414956, -24.91823089414956]
23
[23.95914961727002, -24.95914961727002]
23
[24.0, -25.0]
24
[24.040782383616055, -25.040782383616055]
24
[24.08149710656371, -25.08149710656371]
24
[24.12214450449026, -25.12214450449026]
24
[24.16272491027705, -25.16272491027705]
24
[24.20323865407125, -25.20323865407125]
24
[24.243686063317245, -25.243686063317245]
24
[24.28406746278746, -25.28406746278746]
24
[24.32438317461282, -25.32438317461282]
24
[24.36463351831271, -25.36463351831271]
24
[24.404818810824544, -25.404818810824544]
24
[24.444939366532843, -25.444939366532843]
24
[24.484995497297973, -25.484995497297973]
24
[24.524987512484397, -25.524987512484397]
24
[24.564915718988566, -25.564915718988566]
24
[24.604780421266383, -25.604780421266383]
24
[24.644581921360317, -25.644581921360317]
24
[24.684320518926057, -25.684320518926057]
24
[24.72399651125888, -25.72399651125888]
24
[24.76361019331956, -25.76361019331956]
24
[24.80316185775999, -25.80316185775999]
24
[24.842651794948374, -25.842651794948374]
24
[24.88208029299411, -25.88208029299411]
24
[24.92144763777232, -25.92144763777232]
24
[24.96075411294803, -25.96075411294803]
24
[25.0, -26.0]
25
[25.03918557824427, -26.03918557824427]
25
[25.078311124857326, -26.078311124857326]
25
[25.117376914898998, -26.117376914898998]
25
[25.156383221335, -26.156383221335]
25
[25.195330315059195, -26.195330315059195]
25
[25.234218464915543, -26.234218464915543]
25
[25.273047937719745, -26.273047937719745]
25
[25.311818998280614, -26.311818998280614]
25
[25.35053190942113, -26.35053190942113]
25
[25.389186931999237, -26.389186931999237]
25
[25.427784324928346, -26.427784324928346]
25
[25.46632434519757, -26.46632434519757]
25
[25.504807247891687, -26.504807247891687]
25
[25.543233286210835, -26.543233286210835]
25
[25.581602711489953, -26.581602711489953]
25
[25.619915773217954, -26.619915773217954]
25
[25.658172719056658, -26.658172719056658]
25
[25.696373794859472, -26.696373794859472]
25
[25.73451924468981, -26.73451924468981]
25
[25.772609310839304, -26.772609310839304]
25
[25.81064423384574, -26.81064423384574]
25
[25.848624252510795, -26.848624252510795]
25
[25.886549603917523, -26.886549603917523]
25
[25.924420523447623, -26.924420523447623]
25
[25.962237244798484, -26.962237244798484]
25
[26.0, -27.0]
26
[26.037709019431198, -27.037709019431198]
26
[26.075364531836623, -27.075364531836623]
26
[26.112966764342527, -27.112966764342527]
26
[26.150515942472857, -27.150515942472857]
26
[26.188012290165037, -27.188012290165037]
26
[26.225456029785533, -27.225456029785533]
26
[26.26284738214527, -27.26284738214527]
26
[26.300186566514792, -27.300186566514792]
26
[26.337473800639284, -27.337473800639284]
26
[26.374709300753377, -27.374709300753377]
26
[26.411893281595777, -27.411893281595777]
26
[26.449025956423732, -27.449025956423732]
26
[26.48610753702727, -27.48610753702727]
26
[26.52313823374332, -27.52313823374332]
26
[26.560118255469618, -27.560118255469618]
26
[26.597047809678457, -27.597047809678457]
26
[26.63392710243027, -27.63392710243027]
26
[26.67075633838705, -27.67075633838705]
26
[26.707535720825582, -27.707535720825582]
26
[26.744265451650556, -27.744265451650556]
26
[26.78094573140748, -27.78094573140748]
26
[26.81757675929547, -27.81757675929547]
26
[26.85415873317986, -27.85415873317986]
26
[26.890691849604675, -27.890691849604675]
26
[26.927176303804956, -27.927176303804956]
26
[26.963612289718917, -27.963612289718917]
26
[27.0, -28.0]
27
[27.036339626028727, -28.036339626028727]
27
[27.072631357924475, -28.072631357924475]
27
[27.108875384557045, -28.108875384557045]
27
[27.14507189355817, -28.14507189355817]
27
[27.181221071332818, -28.181221071332818]
27
[27.2173231030704, -28.2173231030704]
27
[27.253378172755834, -28.253378172755834]
27
[27.289386463180506, -28.289386463180506]
27
[27.325348155953055, -28.325348155953055]
27
[27.361263431510064, -28.361263431510064]
27
[27.397132469126642, -28.397132469126642]
27
[27.432955446926844, -28.432955446926844]
27
[27.468732541893992, -28.468732541893992]
27
[27.50446392988089, -28.50446392988089]
27
[27.540149785619906, -28.540149785619906]
27
[27.575790282732914, -28.575790282732914]
27
[27.611385593741193, -28.611385593741193]
27
[27.646935890075138, -28.646935890075138]
27
[27.682441342083905, -28.682441342083905]
27
[27.717902119044926, -28.717902119044926]
27
[27.753318389173334, -28.753318389173334]
27
[27.78869031963127, -28.78869031963127]
27
[27.824018076537094, -28.824018076537094]
27
[27.859301824974466, -28.859301824974466]
27
[27.894541729001368, -28.894541729001368]
27
[27.929737951659, -28.929737951659]
27
[27.964890654980568, -28.964890654980568]
27
[28.0, -29.0]
28
[28.03506614676055, -29.03506614676055]
28
[28.070089254323307, -29.070089254323307]
28
[28.105069480775605, -29.105069480775605]
28
[28.14000698323937, -29.14000698323937]
28
[28.174901917879335, -29.174901917879335]
28
[28.209754439911183, -29.209754439911183]
28
[28.24456470360962, -29.24456470360962]
28
[28.27933286231632, -29.27933286231632]
28
[28.31405906844782, -29.31405906844782]
28
[28.348743473503312, -29.348743473503312]
28
[28.383386228072357, -29.383386228072357]
28
[28.41798748184251, -29.41798748184251]
28
[28.452547383606852, -29.452547383606852]
28
[28.48706608127149, -29.48706608127149]
28
[28.5215437218629, -29.5215437218629]
28
[28.555980451535273, -29.555980451535273]
28
[28.590376415577712, -29.590376415577712]
28
[28.624731758421397, -29.624731758421397]
28
[28.659046623646667, -29.659046623646667]
28
[28.69332115399, -29.69332115399]
28
[28.727555491350966, -29.727555491350966]
28
[28.761749776799064, -29.761749776799064]
28
[28.795904150580505, -29.795904150580505]
28
[28.83001875212493, -29.83001875212493]
28
[28.864093720052047, -29.864093720052047]
28
[28.8981291921782, -29.8981291921782]
28
[28.932125305522874, -29.932125305522874]
28
[28.96608219631514, -29.96608219631514]
28
[29.0, -30.0]
29
[29.03387885124472, -30.03387885124472]
29
[29.067718883945037, -30.067718883945037]
29
[29.10152023123137, -30.10152023123137]
29
[29.135283025474887, -30.135283025474887]
29
[29.169007398293594, -30.169007398293594]
29
[29.202693480558292, -30.202693480558292]
29
[29.236341402398512, -30.236341402398512]
29
[29.269951293208393, -30.269951293208393]
29
[29.303523281652456, -30.303523281652456]
29
[29.337057495671385, -30.337057495671385]
29
[29.37055406248769, -30.37055406248769]
29
[29.40401310861136, -30.40401310861136]
29
[29.437434759845406, -30.437434759845406]
29
[29.470819141291418, -30.470819141291418]
29
[29.504166377354995, -30.504166377354995]
29
[29.53747659175118, -30.53747659175118]
29
[29.57074990750979, -30.57074990750979]
29
[29.603986446980738, -30.603986446980738]
29
[29.637186331839274, -30.637186331839274]
29
[29.670349683091178, -30.670349683091178]
29
[29.70347662107791, -30.70347662107791]
29
[29.736567265481707, -30.736567265481707]
29
[29.76962173533062, -30.76962173533062]
29
[29.80264014900352, -30.80264014900352]
29
[29.835622624235025, -30.835622624235025]
29
[29.86856927812043, -30.86856927812043]
29
[29.901480227120523, -30.901480227120523]
29
[29.934355587066403, -30.934355587066403]
29
[29.967195473164246, -30.967195473164246]
29
[30.0, -31.0]
30
[30.032769281544052, -31.032769281544052]
30
[30.06550343115585, -31.06550343115585]
30
[30.098202561588483, -31.098202561588483]
30
[30.130866784993206, -31.130866784993206]
30
[30.163496212923928, -31.163496212923928]
30
[30.196090956341656, -31.196090956341656]
30
[30.228651125618907, -31.228651125618907]
30
[30.26117683054405, -31.26117683054405]
30
[30.293668180325643, -31.293668180325643]
30
[30.326125283596703, -31.326125283596703]
30
[30.358548248418945, -31.358548248418945]
30
[30.390937182286976, -31.390937182286976]
30
[30.423292192132454, -31.423292192132454]
30
[30.455613384328213, -31.455613384328213]
30
[30.487900864692335, -31.487900864692335]
30
[30.5201547384922, -31.5201547384922]
30
[30.552375110448477, -31.552375110448477]
30
[30.584562084739105, -31.584562084739105]
30
[30.61671576500322, -31.61671576500322]
30
[30.648836254345042, -31.648836254345042]
30
[30.68092365533773, -31.68092365533773]
30
[30.712978070027216, -31.712978070027216]
30
[30.744999599935987, -31.744999599935987]
30
[30.776988346066826, -31.776988346066826]
30
[30.808944408906537, -31.808944408906537]
30
[30.84086788842964, -31.84086788842964]
30
[30.872758884101984, -31.872758884101984]
30
[30.90461749488441, -31.90461749488441]
30
[30.9364438192363, -31.9364438192363]
30
[30.968237955119125, -31.968237955119125]
30
[31.0, -32.0]
31
[31.031730050855124, -32.031730050855124]
31
[31.06342820417326, -32.06342820417326]
31
[31.095094555959157, -32.09509455595916]
31
[31.12672920173694, -32.126729201736936]
31
[31.15833223655346, -32.15833223655346]
31
[31.18990375498165, -32.18990375498165]
31
[31.2214438511238, -32.2214438511238]
31
[31.252952618614856, -32.252952618614856]
31
[31.284430150625635, -32.28443015062564]
31
[31.315876539866068, -32.31587653986607]
31
[31.347291878588358, -32.34729187858836]
31
[31.37867625859016, -32.37867625859016]
31
[31.4100297712177, -32.4100297712177]
31
[31.441352507368876, -32.441352507368876]
31
[31.472644557496334, -32.47264455749634]
31
[31.503906011610518, -32.50390601161052]
31
[31.535136959282696, -32.535136959282696]
31
[31.56633748964793, -32.56633748964793]
31
[31.59750769140807, -32.59750769140807]
31
[31.628647652834687, -32.62864765283469]
31
[31.659757461772003, -32.659757461772]
31
[31.690837205639745, -32.690837205639745]
31
[31.72188697143605, -32.72188697143605]
31
[31.752906845740277, -32.75290684574028]
31
[31.783896914715854, -32.783896914715854]
31
[31.81485726411305, -32.81485726411305]
31
[31.845787979271734, -32.84578797927173]
31
[31.876689145124153, -32.87668914512415]
31
[31.907560846197605, -32.907560846197605]
31
[31.938403166617185, -32.938403166617185]
31
[31.96921619010844, -32.96921619010844]
31
[32.0, -33.0]
32
[32.03075467922624, -33.03075467922624]
32
[32.06148031032987, -33.06148031032987]
32
[32.092176975464525, -33.092176975464525]
32
[32.12284475639732, -33.12284475639732]
32
[32.15348373451139, -33.15348373451139]
32
[32.184093990808435, -33.184093990808435]
32
[32.21467560591118, -33.21467560591118]
32
[32.245228660065884, -33.245228660065884]
32
[32.27575323314477, -33.27575323314477]
32
[32.3062494046485, -33.3062494046485]
32
[32.336717253708535, -33.336717253708535]
32
[32.36715685908959, -33.36715685908959]
32
[32.39756829919196, -33.39756829919196]
32
[32.42795165205391, -33.42795165205391]
32
[32.45830699535399, -33.45830699535399]
32
[32.48863440641337, -33.48863440641337]
32
[32.51893396219811, -33.51893396219811]
32
[32.54920573932148, -33.54920573932148]
32
[32.579449814046185, -33.579449814046185]
32
[32.60966626228661, -33.60966626228661]
32
[32.639855159611066, -33.639855159611066]
32
[32.67001658124397, -33.67001658124397]
32
[32.70015060206806, -33.70015060206806]
32
[32.73025729662652, -33.73025729662652]
32
[32.76033673912518, -33.76033673912518]
32
[32.79038900343461, -33.79038900343461]
32
[32.82041416309227, -33.82041416309227]
32
[32.850412291304586, -33.850412291304586]
32
[32.880383460949034, -33.880383460949034]
32
[32.91032774457623, -33.91032774457623]
32
[32.94024521441193, -33.94024521441193]
32
[32.97013594235912, -33.97013594235912]
32
[33.0, -34.0]
33
[33.029837458597974, -34.029837458597974]
33
[33.05964838909967, -34.05964838909967]
33
[33.08943286213687, -34.08943286213687]
33
[33.11919094802848, -34.11919094802848]
33
[33.14892271678248, -34.14892271678248]
33
[33.17862823809782, -34.17862823809782]
33
[33.20830758136635, -34.20830758136635]
33
[33.237960815674676, -34.237960815674676]
33
[33.26758800980609, -34.26758800980609]
33
[33.297189232242374, -34.297189232242374]
33
[33.326764551165695, -34.326764551165695]
33
[33.3563140344604, -34.3563140344604]
33
[33.38583774971485, -34.38583774971485]
33
[33.415335764223244, -34.415335764223244]
33
[33.444808144987356, -34.444808144987356]
33
[33.474254958718376, -34.474254958718376]
33
[33.50367627183861, -34.50367627183861]
33
[33.53307215048327, -34.53307215048327]
33
[33.5624426605022, -34.5624426605022]
33
[33.59178786746157, -34.59178786746157]
33
[33.621107836645635, -34.621107836645635]
33
[33.65040263305837, -34.65040263305837]
33
[33.6796723214252, -34.6796723214252]
33
[33.70891696619465, -34.70891696619465]
33
[33.73813663153998, -34.73813663153998]
33
[33.767331381360876, -34.767331381360876]
33
[33.79650127928503, -34.79650127928503]
33
[33.825646388669796, -34.825646388669796]
33
[33.85476677260377, -34.85476677260377]
33
[33.88386249390839, -34.88386249390839]
33
[33.91293361513953, -34.91293361513953]
33
[33.94198019858905, -34.94198019858905]
33
[33.971002306286366, -34.971002306286366]
33
[34.0, -35.0]
34
[34.028973341239094, -35.028973341239094]
34
[34.05792239125495, -35.05792239125495]
34
[34.086847211042524, -35.086847211042524]
34
[34.11574786134195, -35.11574786134195]
34
[34.14462440264001, -35.14462440264001]
34
[34.17347689517162, -35.17347689517162]
34
[34.20230539892127, -35.20230539892127]
34
[34.23110997362451, -35.23110997362451]
34
[34.2598906787694, -35.2598906787694]
34
[34.28864757359791, -35.28864757359791]
34
[34.31738071710737, -35.31738071710737]
34
[34.34609016805185, -35.34609016805185]
34
[34.37477598494362, -35.37477598494362]
34
[34.40343822605446, -35.40343822605446]
34
[34.43207694941714, -35.43207694941714]
34
[34.46069221282668, -35.46069221282668]
34
[34.48928407384181, -35.48928407384181]
34
[34.51785258978626, -35.51785258978626]
34
[34.54639781775011, -35.54639781775011]
34
[34.57491981459117, -35.57491981459117]
34
[34.603418636936205, -35.603418636936205]
34
[34.631894341182345, -35.631894341182345]
34
[34.66034698349833, -35.66034698349833]
34
[34.688776619825816, -35.688776619825816]
34
[34.71718330588067, -35.71718330588067]
34
[34.745567097154215, -35.745567097154215]
34
[34.77392804891454, -35.77392804891454]
34
[34.802266216207705, -35.802266216207705]
34
[34.83058165385903, -35.83058165385903]
34
[34.858874416474286, -35.858874416474286]
34
[34.887144558440994, -35.887144558440994]
34
[34.915392133929565, -35.915392133929565]
34
[34.943617196894564, -35.943617196894564]
34
[34.971819801075895, -35.971819801075895]
34
[35.0, -36.0]
35
[35.02815784698103, -36.02815784698103]
35
[35.056293395122054, -36.056293395122054]
35
[35.08440669731617, -36.08440669731617]
35
[35.11249780624774, -36.11249780624774]
35
[35.14056677439347, -36.14056677439347]
35
[35.168613654023616, -36.168613654023616]
35
[35.19663849720307, -36.19663849720307]
35
[35.2246413557925, -36.2246413557925]
35
[35.25262228144951, -36.25262228144951]
35
[35.28058132562969, -36.28058132562969]
35
[35.30851853958776, -36.30851853958776]
35
[35.33643397437864, -36.33643397437864]
35
[35.364327680858594, -36.364327680858594]
35
[35.392199709686224, -36.392199709686224]
35
[35.42005011132362, -36.42005011132362]
35
[35.447878936037384, -36.447878936037384]
35
[35.475686233899694, -36.475686233899694]
35
[35.503472054789384, -36.503472054789384]
35
[35.53123644839294, -36.53123644839294]
35
[35.558979464205585, -36.558979464205585]
35
[35.58670115153226, -36.58670115153226]
35
[35.614401559488705, -36.614401559488705]
35
[35.6420807370024, -36.6420807370024]
35
[35.66973873281365, -36.66973873281365]
35
[35.69737559547653, -36.69737559547653]
35
[35.72499137335991, -36.72499137335991]
35
[35.75258611464843, -36.75258611464843]
35
[35.78015986734347, -36.78015986734347]
35
[35.80771267926417, -36.80771267926417]
35
[35.83524459804833, -36.83524459804833]
35
[35.862755671153415, -36.862755671153415]
35
[35.89024594585752, -36.89024594585752]
35
[35.91771546926029, -36.91771546926029]
35
[35.94516428828384, -36.94516428828384]
35
[35.97259244967377, -36.97259244967377]
35
[36.0, -37.0]
36
[36.02738698565776, -37.02738698565776]
36
[36.05475345286848, -37.05475345286848]
36
[36.08209944768069, -37.08209944768069]
36
[36.109425015970956, -37.109425015970956]
36
[36.13673020344474, -37.13673020344474]
36
[36.16401505563732, -37.16401505563732]
36
[36.19127961791467, -37.19127961791467]
36
[36.218523935474316, -37.218523935474316]
36
[36.245748053346254, -37.245748053346254]
36
[36.27295201639379, -37.27295201639379]
36
[36.300135869314396, -37.300135869314396]
36
[36.32729965664059, -37.32729965664059]
36
[36.354443422740765, -37.354443422740765]
36
[36.381567211820055, -37.381567211820055]
36
[36.408671067921155, -37.408671067921155]
36
[36.43575503492517, -37.43575503492517]
36
[36.46281915655244, -37.46281915655244]
36
[36.48986347636336, -37.48986347636336]
36
[36.516888037759195, -37.516888037759195]
36
[36.54389288398291, -37.54389288398291]
36
[36.57087805811996, -37.57087805811996]
36
[36.597843603099086, -37.597843603099086]
36
[36.62478956169314, -37.62478956169314]
36
[36.651715976519846, -37.651715976519846]
36
[36.678622890042604, -37.678622890042604]
36
[36.70551034457127, -37.70551034457127]
36
[36.73237838226293, -37.73237838226293]
36
[36.759227045122664, -37.759227045122664]
36
[36.786056375004314, -37.786056375004314]
36
[36.81286641361127, -37.81286641361127]
36
[36.839657202497186, -37.839657202497186]
36
[36.86642878306676, -37.86642878306676]
36
[36.89318119657647, -37.89318119657647]
36
[36.91991448413532, -37.91991448413532]
36
[36.946628686705566, -37.946628686705566]
36
[36.973323845103465, -37.973323845103465]
36
[37.0, -38.0]
37
[37.026657191921586, -38.026657191921586]
37
[37.0532954612508, -38.0532954612508]
37
[37.079914848227105, -38.079914848227105]
37
[37.106515392947536, -38.106515392947536]
37
[37.13309713536743, -38.13309713536743]
37
[37.159660115301094, -38.159660115301094]
37
[37.186204372422544, -38.186204372422544]
37
[37.21272994626615, -38.21272994626615]
37
[37.23923687622737, -38.23923687622737]
37
[37.265725201563384, -38.265725201563384]
37
[37.29219496139381, -38.29219496139381]
37
[37.318646194701365, -38.318646194701365]
37
[37.34507894033252, -38.34507894033252]
37
[37.3714932369982, -38.3714932369982]
37
[37.397889123274396, -38.397889123274396]
37
[37.4242666376029, -38.4242666376029]
37
[37.45062581829185, -38.45062581829185]
37
[37.47696670351649, -38.47696670351649]
37
[37.50328933131973, -38.50328933131973]
37
[37.529593739612835, -38.529593739612835]
37
[37.55587996617606, -38.55587996617606]
37
[37.58214804865923, -38.58214804865923]
37
[37.608398024582456, -38.608398024582456]
37
[37.63462993133669, -38.63462993133669]
37
[37.66084380618437, -38.66084380618437]
37
[37.68703968626005, -38.68703968626005]
37
[37.71321760857099, -38.71321760857099]
37
[37.73937760999779, -38.73937760999779]
37
[37.765519727294965, -38.765519727294965]
37
[37.79164399709158, -38.79164399709158]
37
[37.81775045589185, -38.81775045589185]
37
[37.84383914007569, -38.84383914007569]
37
[37.86991008589934, -38.86991008589934]
37
[37.89596332949598, -38.89596332949598]
37
[37.921998906876254, -38.921998906876254]
37
[37.94801685392889, -38.94801685392889]
37
[37.97401720642127, -38.97401720642127]
37
[38.0, -39.0]
38
[38.02596527019148, -39.02596527019148]
38
[38.05191305240247, -39.05191305240247]
38
[38.077843381920665, -39.077843381920665]
38
[38.10375629391523, -39.10375629391523]
38
[38.12965182343739, -39.12965182343739]
38
[38.15553000542096, -39.15553000542096]
38
[38.18139087468288, -39.18139087468288]
38
[38.20723446592381, -39.20723446592381]
38
[38.23306081372863, -39.23306081372863]
38
[38.25886995256699, -39.25886995256699]
38
[38.28466191679386, -39.28466191679386]
38
[38.31043674065006, -39.31043674065006]
38
[38.336194458262774, -39.336194458262774]
38
[38.36193510364609, -39.36193510364609]
38
[38.38765871070152, -39.38765871070152]
38
[38.41336531321854, -39.41336531321854]
38
[38.439054944875075, -39.439054944875075]
38
[38.46472763923803, -39.46472763923803]
38
[38.4903834297638, -39.4903834297638]
38
[38.51602234979881, -39.51602234979881]
38
[38.541644432579936, -39.541644432579936]
38
[38.567249711235114, -39.567249711235114]
38
[38.592838218783754, -39.592838218783754]
38
[38.6184099881373, -39.6184099881373]
38
[38.64396505209967, -39.64396505209967]
38
[38.66950344336777, -39.66950344336777]
38
[38.69502519453202, -39.69502519453202]
38
[38.72053033807676, -39.72053033807676]
38
[38.74601890638081, -39.74601890638081]
38
[38.771490931717885, -39.771490931717885]
38
[38.79694644625712, -39.79694644625712]
38
[38.822385482063524, -39.822385482063524]
38
[38.84780807109845, -39.84780807109845]
38
[38.87321424522006, -39.87321424522006]
38
[38.89860403618382, -39.89860403618382]
38
[38.923977475642914, -39.923977475642914]
38
[38.94933459514875, -39.94933459514875]
38
[38.974675426151386, -39.974675426151386]
38
[39.0, -40.0]
39
[39.025308347943344, -40.025308347943344]
39
[39.0506005011302, -40.0506005011302]
39
[39.07587649060978, -40.07587649060978]
39
[39.10113634733226, -40.10113634733226]
39
[39.12638010214912, -40.12638010214912]
39
[39.15160778581368, -40.15160778581368]
39
[39.17681942898145, -40.17681942898145]
39
[39.202015062210634, -40.202015062210634]
39
[39.22719471596252, -40.22719471596252]
39
[39.252358420601915, -40.252358420601915]
39
[39.277506206397604, -40.277506206397604]
39
[39.30263810352274, -40.30263810352274]
39
[39.32775414205526, -40.32775414205526]
39
[39.35285435197835, -40.35285435197835]
39
[39.37793876318083, -40.37793876318083]
39
[39.40300740545755, -40.40300740545755]
39
[39.428060308509856, -40.428060308509856]
39
[39.453097501945955, -40.453097501945955]
39
[39.478119015281344, -40.478119015281344]
39
[39.50312487793922, -40.50312487793922]
39
[39.52811511925087, -40.52811511925087]
39
[39.55308976845607, -40.55308976845607]
39
[39.578048854703496, -40.578048854703496]
39
[39.602992407051126, -40.602992407051126]
39
[39.62792045446661, -40.62792045446661]
39
[39.652833025827704, -40.652833025827704]
39
[39.6777301499226, -40.6777301499226]
39
[39.702611855450385, -40.702611855450385]
39
[39.72747817102136, -40.72747817102136]
39
[39.752329125157466, -40.752329125157466]
39
[39.777164746292655, -40.777164746292655]
39
[39.80198506277327, -40.80198506277327]
39
[39.826790102858425, -40.826790102858425]
39
[39.85157989472035, -40.85157989472035]
39
[39.87635446644484, -40.87635446644484]
39
[39.90111384603152, -40.90111384603152]
39
[39.925858061394315, -40.925858061394315]
39
[39.950587140361755, -40.950587140361755]
39
[39.975301110677364, -40.975301110677364]
39
[40.0, -41.0]
40
[40.02468383590426, -41.02468383590426]
40
[40.049352645880795, -41.049352645880795]
40
[40.074006457336694, -41.074006457336694]
40
[40.09864529759583, -41.09864529759583]
40
[40.123269193899205, -41.123269193899205]
40
[40.14787817340531, -41.14787817340531]
40
[40.17247226319049, -41.17247226319049]
40
[40.197051490249265, -41.197051490249265]
40
[40.221615881494685, -41.221615881494685]
40
[40.24616546375867, -41.24616546375867]
40
[40.27070026379238, -41.27070026379238]
40
[40.29522030826651, -41.29522030826651]
40
[40.31972562377165, -41.31972562377165]
40
[40.344216236818646, -41.344216236818646]
40
[40.36869217383889, -41.36869217383889]
40
[40.393153461184674, -41.393153461184674]
40
[40.41760012512953, -41.41760012512953]
40
[40.44203219186854, -41.44203219186854]
40
[40.46644968751869, -41.46644968751869]
40
[40.49085263811915, -41.49085263811915]
40
[40.515241069631664, -41.515241069631664]
40
[40.5396150079408, -41.5396150079408]
40
[40.563974478854334, -41.563974478854334]
40
[40.58831950810352, -41.58831950810352]
40
[40.61265012134343, -41.61265012134343]
40
[40.63696634415329, -41.63696634415329]
40
[40.66126820203673, -41.66126820203673]
40
[40.68555572042218, -41.68555572042218]
40
[40.70982892466311, -41.70982892466311]
40
[40.73408784003837, -41.73408784003837]
40
[40.7583324917525, -41.7583324917525]
40
[40.78256290493603, -41.78256290493603]
40
[40.80677910464576, -41.80677910464576]
40
[40.83098111586513, -41.83098111586513]
40
[40.85516896350443, -41.85516896350443]
40
[40.879342672401165, -41.879342672401165]
40
[40.903502267320334, -41.903502267320334]
40
[40.92764777295472, -41.92764777295472]
40
[40.951779213925185, -41.951779213925185]
40
[40.97589661478098, -41.97589661478098]
40
[41.0, -42.0]
41
[41.02408939398912, -42.02408939398912]
41
[41.048164821084455, -42.048164821084455]
41
[41.072226305551645, -42.072226305551645]
41
[41.09627387158614, -42.09627387158614]
41
[41.120307543313515, -42.120307543313515]
41
[41.14432734478971, -42.14432734478971]
41
[41.168333300001336, -42.168333300001336]
41
[41.192325432865935, -42.192325432865935]
41
[41.216303767232304, -42.216303767232304]
41
[41.240268326880695, -42.240268326880695]
41
[41.26421913552317, -42.26421913552317]
41
[41.28815621680382, -42.28815621680382]
41
[41.312079594299064, -42.312079594299064]
41
[41.3359892915179, -42.3359892915179]
41
[41.35988533190219, -42.35988533190219]
41
[41.38376773882693, -42.38376773882693]
41
[41.407636535600524, -42.407636535600524]
41
[41.43149174546501, -42.43149174546501]
41
[41.455333391596355, -42.455333391596355]
41
[41.47916149710473, -42.47916149710473]
41
[41.50297608503474, -42.50297608503474]
41
[41.5267771783657, -42.5267771783657]
41
[41.550564800011905, -42.550564800011905]
41
[41.57433897282285, -42.57433897282285]
41
[41.598099719583544, -42.598099719583544]
41
[41.6218470630147, -42.6218470630147]
41
[41.64558102577303, -42.64558102577303]
41
[41.66930163045151, -42.66930163045151]
41
[41.69300889957956, -42.69300889957956]
41
[41.71670285562339, -42.71670285562339]
41
[41.74038352098617, -42.74038352098617]
41
[41.76405091800832, -42.76405091800832]
41
[41.78770506896774, -42.78770506896774]
41
[41.81134599608006, -42.81134599608006]
41
[41.83497372149887, -42.83497372149887]
41
[41.858588267315994, -42.858588267315994]
41
[41.88218965556169, -42.88218965556169]
41
[41.90577790820492, -42.90577790820492]
41
[41.92935304715357, -42.92935304715357]
41
[41.95291509425472, -42.95291509425472]
41
[41.97646407129482, -42.97646407129482]
41
[42.0, -43.0]
42
[42.023522902036234, -43.023522902036234]
42
[42.047032799009614, -43.047032799009614]
42
[42.07052971246658, -43.07052971246658]
42
[42.09401366389413, -43.09401366389413]
42
[42.11748467472007, -43.11748467472007]
42
[42.14094276631322, -43.14094276631322]
42
[42.16438795998368, -43.16438795998368]
42
[42.18782027698299, -43.18782027698299]
42
[42.21123973850443, -43.21123973850443]
42
[42.2346463656832, -43.2346463656832]
42
[42.258040179596634, -43.258040179596634]
42
[42.28142120126446, -43.28142120126446]
42
[42.30478945164898, -43.30478945164898]
42
[42.32814495165533, -43.32814495165533]
42
[42.35148772213166, -43.35148772213166]
42
[42.374817783869354, -43.374817783869354]
42
[42.3981351576033, -43.3981351576033]
42
[42.421439864012015, -43.421439864012015]
42
[42.44473192371795, -43.44473192371795]
42
[42.468011357287644, -43.468011357287644]
42
[42.49127818523194, -43.49127818523194]
42
[42.514532428006234, -43.514532428006234]
42
[42.53777410601064, -43.53777410601064]
42
[42.56100323959023, -43.56100323959023]
42
[42.584219849035215, -43.584219849035215]
42
[42.607423954581186, -43.607423954581186]
42
[42.63061557640929, -43.63061557640929]
42
[42.65379473464645, -43.65379473464645]
42
[42.676961449365564, -43.676961449365564]
42
[42.700115740585694, -43.700115740585694]
42
[42.72325762827231, -43.72325762827231]
42
[42.746387132337425, -43.746387132337425]
42
[42.76950427263987, -43.76950427263987]
42
[42.792609068985435, -43.792609068985435]
42
[42.81570154112709, -43.81570154112709]
42
[42.83878170876519, -43.83878170876519]
42
[42.86184959154764, -43.86184959154764]
42
[42.884905209070126, -43.884905209070126]
42
[42.907948580876294, -43.907948580876294]
42
[42.930979726457934, -43.930979726457934]
42
[42.95399866525519, -43.95399866525519]
42
[42.977005416656745, -43.977005416656745]
42
[43.0, -44.0]
43
[43.022982434571276, -44.022982434571276]
43
[43.04595273960601, -44.04595273960601]
43
[43.068910934288915, -44.068910934288915]
43
[43.091857037754195, -44.091857037754195]
43
[43.114791069085726, -44.114791069085726]
43
[43.13771304731723, -44.13771304731723]
43
[43.160622991432454, -44.160622991432454]
43
[43.18352092036538, -44.18352092036538]
43
[43.206406853000395, -44.206406853000395]
43
[43.229280808172454, -44.229280808172454]
43
[43.252142804667294, -44.252142804667294]
43
[43.27499286122158, -44.27499286122158]
43
[43.2978309965231, -44.2978309965231]
43
[43.32065722921097, -44.32065722921097]
43
[43.34347157787577, -44.34347157787577]
43
[43.36627406105971, -44.36627406105971]
43
[43.38906469725688, -44.38906469725688]
43
[43.41184350491334, -44.41184350491334]
43
[43.434610502427354, -44.434610502427354]
43
[43.457365708149524, -44.457365708149524]
43
[43.480109140383, -44.480109140383]
43
[43.5028408173836, -44.5028408173836]
43
[43.52556075736003, -44.52556075736003]
43
[43.548268978474056, -44.548268978474056]
43
[43.570965498840614, -44.570965498840614]
43
[43.59365033652805, -44.59365033652805]
43
[43.61632350955823, -44.61632350955823]
43
[43.63898503590675, -44.63898503590675]
43
[43.66163493350309, -44.66163493350309]
43
[43.68427322023075, -44.68427322023075]
43
[43.706899913927465, -44.706899913927465]
43
[43.72951503238533, -44.72951503238533]
43
[43.752118593350986, -44.752118593350986]
43
[43.77471061452576, -44.77471061452576]
43
[43.79729111356585, -44.79729111356585]
43
[43.81986010808247, -44.81986010808247]
43
[43.84241761564202, -44.84241761564202]
43
[43.864963653766246, -44.864963653766246]
43
[43.88749823993238, -44.88749823993238]
43
[43.91002139157332, -44.91002139157332]
43
[43.932533126077786, -44.932533126077786]
43
[43.95503346079047, -44.95503346079047]
43
[43.977522413012174, -44.977522413012174]
43
[44.0, -45.0]
44
[44.02246623896749, -45.02246623896749]
44
[44.04492114708477, -45.04492114708477]
44
[44.06736474147871, -45.06736474147871]
44
[44.08979703923309, -45.08979703923309]
44
[44.112218057388716, -45.112218057388716]
44
[44.13462781294362, -45.13462781294362]
44
[44.15702632285316, -45.15702632285316]
44
[44.17941360403021, -45.17941360403021]
44
[44.201789673345296, -45.201789673345296]
44
[44.224154547626725, -45.224154547626725]
44
[44.246508243660756, -45.246508243660756]
44
[44.26885077819175, -45.26885077819175]
44
[44.291182167922294, -45.291182167922294]
44
[44.31350242951336, -45.31350242951336]
44
[44.33581157958446, -45.33581157958446]
44
[44.35810963471376, -45.35810963471376]
44
[44.38039661143827, -45.38039661143827]
44
[44.40267252625394, -45.40267252625394]
44
[44.424937395615814, -45.424937395615814]
44
[44.447191235938206, -45.447191235938206]
44
[44.4694340635948, -45.4694340635948]
44
[44.4916658949188, -45.4916658949188]
44
[44.51388674620311, -45.51388674620311]
44
[44.536096633700396, -45.536096633700396]
44
[44.55829557362329, -45.55829557362329]
44
[44.5804835821445, -45.5804835821445]
44
[44.60266067539697, -45.60266067539697]
44
[44.62482686947397, -45.62482686947397]
44
[44.64698218042929, -45.64698218042929]
44
[44.66912662427734, -45.66912662427734]
44
[44.691260216993285, -45.691260216993285]
44
[44.7133829745132, -45.7133829745132]
44
[44.73549491273418, -45.73549491273418]
44
[23659658.593597572, -23659659.593597572]
23659658
[37681074.34448089, -37681075.34448089]
37681074
[42101874.042691, -42101875.042691]
42101874
[22787074.42746066, -22787075.42746066]
22787074
[31552236.46629005, -31552237.46629005]
31552236
[27867376.717223514, -27867377.717223514]
27867376
[41997186.74124767, -41997187.74124767]
41997186
[38772701.835595414, -38772702.835595414]
38772701
[24382441.99343429, -24382442.99343429]
24382441
[30041653.185310803, -30041654.185310803]
30041653
[37041199.87555012, -37041200.87555012]
37041199
[27618947.954541896, -27618948.954541896]
27618947
[37081892.89967921, -37081893.89967921]
37081892
[47416214.7287769, -47416215.7287769]
47416214
[30000544.53287289, -30000545.53287289]
30000544
[12483268.443284698, -12483269.443284698]
12483268
[31654032.01284143, -31654033.01284143]
31654032
[43815577.35413159, -43815578.35413159]
43815577
[30800503.98615792, -30800504.98615792]
30800503
[23184609.459168565, -23184610.459168565]
23184609
[19496406.9213212, -19496407.9213212]
19496406
[22758348.230579253, -22758349.230579253]
22758348
[45993184.687322006, -45993185.687322006]
45993184
[19816565.426818557, -19816566.426818557]
19816565
[41394783.136486836, -41394784.136486836]
41394783
[34649564.88153378, -34649565.88153378]
34649564
[42087587.0148348, -42087588.0148348]
42087587
[18980567.138700068, -18980568.138700068]
18980567
[46989103.97825623, -46989104.97825623]
46989103
[32766033.360370625, -32766034.360370625]
32766033
[22796901.596358713, -22796902.596358713]
22796901
[34988839.08680222, -34988840.08680222]
34988839
[37255156.12196234, -37255157.12196234]
37255156
[37336672.38596816, -37336673.38596816]
37336672
[41650814.05059262, -41650815.05059262]
41650814
[44674318.205966115, -44674319.205966115]
44674318
[39740185.85849618, -39740186.85849618]
39740185
[21359375.23726733, -21359376.23726733]
21359375
[45972366.95730211, -45972367.95730211]
45972366
[26722637.129616097, -26722638.129616097]
26722637
[46892231.98684294, -46892232.98684294]
46892231
[42511459.80750428, -42511460.80750428]
42511459
[22253543.85146537, -22253544.85146537]
22253543
[33508983.075846795, -33508984.075846795]
33508983
[20081423.261345416, -20081424.261345416]
20081423
[38723365.6893126, -38723366.6893126]
38723365
[42715721.1959118, -42715722.1959118]
42715721
[13348807.15958564, -13348808.15958564]
13348807
[31581793.336727582, -31581794.336727582]
31581793
[29720463.353975095, -29720464.353975095]
29720463
[47096836.40230192, -47096837.40230192]
47096836
[13330107.883378068, -13330108.883378068]
13330107
[32618750.19860077, -32618751.19860077]
32618750
[38241334.16363715, -38241335.16363715]
38241334
[47002507.011694714, -47002508.011694714]
47002507
[37612935.408424675, -37612936.408424675]
37612935
[37350998.65310248, -37350999.65310248]
37350998
[17144900.567005266, -17144901.567005266]
17144900
[30665112.845354527, -30665113.845354527]
30665112
[41402627.12163482, -41402628.12163482]
41402627
[45380785.178833574, -45380786.178833574]
45380785
[34552471.228818245, -34552472.228818245]
34552471
[36714732.64590706, -36714733.64590706]
36714732
[44499550.758267134, -44499551.758267134]
44499550
[35151422.18059659, -35151423.18059659]
35151422
[46392226.78883361, -46392227.78883361]
46392226
[42310477.51975556, -42310478.51975556]
42310477
[14481418.089843132, -14481419.089843132]
14481418
[35945825.01483616, -35945826.01483616]
35945825
[30515621.01660235, -30515622.01660235]
30515621
[29940221.41676552, -29940222.41676552]
29940221
[21609233.71931648, -21609234.71931648]
21609233
[37395128.68069857, -37395129.68069857]
37395128
[35233631.94942526, -35233632.94942526]
35233631
[36527135.859307915, -36527136.859307915]
36527135
[6866046.879003603, -6866047.879003603]
6866046
[35332194.343914926, -35332195.343914926]
35332194
[26469334.321867175, -26469335.321867175]
26469334
[42553223.8037356, -42553224.8037356]
42553223
[38509625.74908261, -38509626.74908261]
38509625
[35637853.762807384, -35637854.762807384]
35637853
[39951288.562973954, -39951289.562973954]
39951288
[19816586.78051443, -19816587.78051443]
19816586
[37063047.65354159, -37063048.65354159]
37063047
[44986103.944932505, -44986104.944932505]
44986103
[46968271.64666684, -46968272.64666684]
46968271
[21812373.211028937, -21812374.211028937]
21812373
[16978542.15914664, -16978543.15914664]
16978542
[38642598.46110615, -38642599.46110615]
38642598
[30758842.932557378, -30758843.932557378]
30758842
[32961451.095064532, -32961452.095064532]
32961451
[46113728.845447026, -46113729.845447026]
46113728
[17970462.567439254, -17970463.567439254]
17970462
[38979111.38865888, -38979112.38865888]
38979111
[46412630.0958904, -46412631.0958904]
46412630
[39381576.80680634, -39381577.80680634]
39381576
[41336537.385720044, -41336538.385720044]
41336537
[17847730.400168184, -17847731.400168184]
17847730
[15600887.195829242, -15600888.195829242]
15600887
[24749981.181831893, -24749982.181831893]
24749981
[24619122.66244708, -24619123.66244708]
24619122
[1886044.886074325, -1886045.886074325]
1886044
[45422313.40653587, -45422314.40653587]
45422313
[32944269.506097756, -32944270.506097756]
32944269
[29983519.980407838, -29983520.980407838]
29983519
[39716181.95156103, -39716182.95156103]
39716181
[26462908.404294673, -26462909.404294673]
26462908
[8219816.355108284, -8219817.355108284]
8219816
[29808513.935185935, -29808514.935185935]
29808513
[9256609.69221066, -9256610.69221066]
9256609
[29340398.72089497, -29340399.72089497]
29340398
[21067979.8718319, -21067980.8718319]
21067979
[27131946.930008233, -27131947.930008233]
27131946
[19891387.533944093, -19891388.533944093]
19891387
[32122270.20127036, -32122271.20127036]
32122270
[43166172.18355591, -43166173.18355591]
43166172
[16814128.753294926, -16814129.753294926]
16814128
[30611609.020376094, -30611610.020376094]
30611609
[3944973.804442584, -3944974.804442584]
3944973
[43967875.59930023, -43967876.59930023]
43967875
[17181399.987549327, -17181400.987549327]
17181399
[17304240.87652796, -17304241.87652796]
17304240
[33281009.890874438, -33281010.890874438]
33281009
[45623621.56298051, -45623622.56298051]
45623621
[33335521.935465537, -33335522.935465537]
33335521
[42060910.34427467, -42060911.34427467]
42060910
[19600152.036105484, -19600153.036105484]
19600152
[19918683.326993797, -19918684.326993797]
19918683
[33031536.088005595, -33031537.088005595]
33031536
[30946102.274160147, -30946103.274160147]
30946102
[43700689.918208316, -43700690.918208316]
43700689
[23174938.99309021, -23174939.99309021]
23174938
[39019080.86324107, -39019081.86324107]
39019080
[40634595.01389673, -40634596.01389673]
40634595
[44166657.92773911, -44166658.92773911]
44166657
[29397720.430476774, -29397721.430476774]
29397720
[44248434.78962409, -44248435.78962409]
44248434
[21274111.13130485, -21274112.13130485]
21274111
[28322731.52343436, -28322732.52343436]
28322731
[38577660.900107786, -38577661.900107786]
38577660
[19411435.163286943, -19411436.163286943]
19411435
[39080008.94971163, -39080009.94971163]
39080008
[6995510.89742151, -6995511.89742151]
6995510
[33229259.741513956, -33229260.741513956]
33229259
[18935026.15776133, -18935027.15776133]
18935026
[38479276.248508155, -38479277.248508155]
38479276
[15734657.589396104, -15734658.589396104]
15734657
[13289772.479626335, -13289773.479626335]
13289772
[45182995.99494496, -45182996.99494496]
45182995
[27438318.064443525, -27438319.064443525]
27438318
[43343091.00046912, -43343092.00046912]
43343091
[4680059.682667126, -4680060.682667126]
4680059
[10423709.350957876, -10423710.350957876]
10423709
[17902828.25998629, -17902829.25998629]
17902828
[42990218.00423601, -42990219.00423601]
42990218
[28378614.21464427, -28378615.21464427]
28378614
[11605723.545449136, -11605724.545449136]
11605723
[35564457.029609255, -35564458.029609255]
35564457
[42146068.057308, -42146069.057308]
42146068
[31800198.755888008, -31800199.755888008]
31800198
[40577680.31706622, -40577681.31706622]
40577680
[24925981.273413744, -24925982.273413744]
24925981
[13397458.405980501, -13397459.405980501]
13397458
[39471059.51581131, -39471060.51581131]
39471059
[43560657.569594726, -43560658.569594726]
43560657
[23995203.724579006, -23995204.724579006]
23995203
[41407925.01729826, -41407926.01729826]
41407925
[22676615.984480225, -22676616.984480225]
22676615
[47235349.79238261, -47235350.79238261]
47235349
[26576298.34006214, -26576299.34006214]
26576298
[30444033.682423037, -30444034.682423037]
30444033
[45907200.54768474, -45907201.54768474]
45907200
[40759102.35647029, -40759103.35647029]
40759102
[41527591.09790493, -41527592.09790493]
41527591
[41935544.8368273, -41935545.8368273]
41935544
[36288097.795457534, -36288098.795457534]
36288097
[34521412.05008207, -34521413.05008207]
34521412
[36068252.59823023, -36068253.59823023]
36068252
[26394183.003557187, -26394184.003557187]
26394183
[45250029.6353667, -45250030.6353667]
45250029
[24935929.18671235, -24935930.18671235]
24935929
[26765408.78554324, -26765409.78554324]
26765408
[45323032.64483723, -45323033.64483723]
45323032
[35344601.51618131, -35344602.51618131]
35344601
[8136314.981278995, -8136315.981278995]
8136314
[8537014.571784532, -8537015.571784532]
8537014
[14690677.702082375, -14690678.702082375]
14690677
[46965929.20831516, -46965930.20831516]
46965929
[19330685.426165223, -19330686.426165223]
19330685
[46868088.65685373, -46868089.65685373]
46868088
[42826018.26983734, -42826019.26983734]
42826018
[45705637.42202689, -45705638.42202689]
45705637
[14559463.855843049, -14559464.855843049]
14559463
[15403368.786483858, -15403369.786483858]
15403368
[30252502.848461237, -30252503.848461237]
30252502
[45855289.39220064, -45855290.39220064]
45855289
[47060218.70690649, -47060219.70690649]
47060218
[33884429.96614117, -33884430.96614117]
33884429
[41175933.62120534, -41175934.62120534]
41175933
[24020452.78239249, -24020453.78239249]
24020452
[2525056.1795995394, -2525057.1795995394]
2525056
[42962188.986707635, -42962189.986707635]
42962188
[41166701.33767077, -41166702.33767077]
41166701
[23576097.67572158, -23576098.67572158]
23576097
[27837789.095652495, -27837790.095652495]
27837789
[45491922.96924639, -45491923.96924639]
45491922
[27021191.527927566, -27021192.527927566]
27021191
[28958706.34543877, -28958707.34543877]
28958706
[21484256.89334046, -21484257.89334046]
21484256
[40741143.43806149, -40741144.43806149]
40741143
[17277255.402144827, -17277256.402144827]
17277255
[40316407.908052176, -40316408.908052176]
40316407
[13290373.80623074, -13290374.80623074]
13290373
[28355756.665757965, -28355757.665757965]
28355756
[37426304.22799614, -37426305.22799614]
37426304
[41673113.84935467, -41673114.84935467]
41673113
[40730046.010819234, -40730047.010819234]
40730046
[44560078.73147489, -44560079.73147489]
44560078
[40355743.99979614, -40355744.99979614]
40355743
[23832577.00829801, -23832578.00829801]
23832577
[30979136.149291735, -30979137.149291735]
30979136
[8524125.70438038, -8524126.70438038]
8524125
[46156928.610137604, -46156929.610137604]
46156928
[16756497.785612786, -16756498.785612786]
16756497
[41829400.53062646, -41829401.53062646]
41829400
[38879662.932643116, -38879663.932643116]
38879662
[19295438.058091138, -19295439.058091138]
19295438
[45931304.6158289, -45931305.6158289]
45931304
[44366398.6320325, -44366399.6320325]
44366398
[31943649.29191229, -31943650.29191229]
31943649
[42300437.75113693, -42300438.75113693]
42300437
[41007627.89683944, -41007628.89683944]
41007627
[32888986.520647842, -32888987.520647842]
32888986
[30785847.472386535, -30785848.472386535]
30785847
[36776824.42891422, -36776825.42891422]
36776824
[46663811.16666438, -46663812.16666438]
46663811
[44664734.009253114, -44664735.009253114]
44664734
[33717960.17947722, -33717961.17947722]
33717960
[26641883.174557216, -26641884.174557216]
26641883
[29488584.8979301, -29488585.8979301]
29488584
[34985207.629121006, -34985208.629121006]
34985207
[9036589.532138353, -9036590.532138353]
9036589
[28223804.150647268, -28223805.150647268]
28223804
[13333318.315292923, -13333319.315292923]
13333318
[25545737.10117261, -25545738.10117261]
25545737
[20841148.00469734, -20841149.00469734]
20841148
[38657521.91242786, -38657522.91242786]
38657521
[46081679.14249865, -46081680.14249865]
46081679
[45881175.554667585, -45881176.554667585]
45881175
[8728363.659786314, -8728364.659786314]
8728363
[24754895.982362196, -24754896.982362196]
24754895
[36161379.610151604, -36161380.610151604]
36161379
[11049113.428686783, -11049114.428686783]
11049113
[32974336.34047845, -32974337.34047845]
32974336
[23593571.594995793, -23593572.594995793]
23593571
[43041889.02323792, -43041890.02323792]
43041889
[19271519.037115756, -19271520.037115756]
19271519
[37542117.29801145, -37542118.29801145]
37542117
[33175451.99441747, -33175452.99441747]
33175451
[35617309.8250602, -35617310.8250602]
35617309
[42855916.84574191, -42855917.84574191]
42855916
[43046710.68953733, -43046711.68953733]
43046710
[32567424.718029168, -32567425.718029168]
32567424
[31483367.55739018, -31483368.55739018]
31483367
[10088515.929572599, -10088516.929572599]
10088515
[42214286.84885238, -42214287.84885238]
42214286
[42798648.719719335, -42798649.719719335]
42798648
[32978822.69227195, -32978823.69227195]
32978822
[40755635.483956456, -40755636.483956456]
40755635
[23740080.065561824, -23740081.065561824]
23740080
[22573694.27819974, -22573695.27819974]
22573694
[24997125.337117318, -24997126.337117318]
24997125
[28142658.589869782, -28142659.589869782]
28142658
[30346345.64885058, -30346346.64885058]
30346345
[43763665.68385745, -43763666.68385745]
43763665
[23930039.92617079, -23930040.92617079]
23930039
[20496840.24231393, -20496841.24231393]
20496840
[36779986.68472477, -36779987.68472477]
36779986
[42212418.67878209, -42212419.67878209]
42212418
[37650317.8115106, -37650318.8115106]
37650317
[15262306.82582922, -15262307.82582922]
15262306
[38494342.80588018, -38494343.80588018]
38494342
[32984803.15169061, -32984804.15169061]
32984803
[45132719.119922996, -45132720.119922996]
45132719
[21498019.50027422, -21498020.50027422]
21498019
[43850148.954738446, -43850149.954738446]
43850148
[40450336.0548348, -40450337.0548348]
40450336
[40970920.81099122, -40970921.81099122]
40970920
[45378109.2755866, -45378110.2755866]
45378109
[34975754.49880685, -34975755.49880685]
34975754
[17715813.90211102, -17715814.90211102]
17715813
[15032107.943677895, -15032108.943677895]
15032107
[40867043.15926439, -40867044.15926439]
40867043
[47440751.14280212, -47440752.14280212]
47440751
[21602820.50150465, -21602821.50150465]
21602820
[28527907.730918374, -28527908.730918374]
28527907
[43929143.06027309, -43929144.06027309]
43929143
[12060611.340852031, -12060612.340852031]
12060611
[29144920.66715484, -29144921.66715484]
29144920
[43644403.915863074, -43644404.915863074]
43644403
[39598026.7878142, -39598027.7878142]
39598026
[45210681.78636896, -45210682.78636896]
45210681
[27435029.467104614, -27435030.467104614]
27435029
[5781803.370272343, -5781804.370272343]
5781803
[37191519.13145849, -37191520.13145849]
37191519
[15628497.618690044, -15628498.618690044]
15628497
[22291261.04409064, -22291262.04409064]
22291261
[43941126.30503608, -43941127.30503608]
43941126
[19510282.99387277, -19510283.99387277]
19510282
[20125581.571464326, -20125582.571464326]
20125581
[25338200.999021124, -25338201.999021124]
25338200
[32689524.125704948, -32689525.125704948]
32689524
[26504108.815045662, -26504109.815045662]
26504108
[31824475.421844907, -31824476.421844907]
31824475
[27236088.46543941, -27236089.46543941]
27236088
[42542885.141123764, -42542886.141123764]
42542885
[25572638.24943472, -25572639.24943472]
25572638
[42533294.233008005, -42533295.233008005]
42533294
[29526603.05693872, -29526604.05693872]
29526603
[16477554.583523048, -16477555.583523048]
16477554
[28658521.542951312, -28658522.542951312]
28658521
[22214335.1047741, -22214336.1047741]
22214335
[34914889.61827367, -34914890.61827367]
34914889
[41475275.30733013, -41475276.30733013]
41475275
[29154176.019378014, -29154177.019378014]
29154176
[42287108.51927045, -42287109.51927045]
42287108
[39998003.187294096, -39998004.187294096]
39998003
[44874151.57187102, -44874152.57187102]
44874151
[25857823.65864278, -25857824.65864278]
25857823
[45369546.07830735, -45369547.07830735]
45369546
[23484003.94367809, -23484004.94367809]
23484003
[38825605.359130576, -38825606.359130576]
38825605
[38527394.09014438, -38527395.09014438]
38527394
[29148695.981827866, -29148696.981827866]
29148695
[15877203.285632351, -15877204.285632351]
15877203
[39675795.989437185, -39675796.989437185]
39675795
[44246956.46524865, -44246957.46524865]
44246956
[40193045.12283488, -40193046.12283488]
40193045
[29032167.8638472, -29032168.8638472]
29032167
[35298949.463124774, -35298950.463124774]
35298949
[6931249.579752299, -6931250.579752299]
6931249
[37084454.86374574, -37084455.86374574]
37084454
[24881787.141123462, -24881788.141123462]
24881787
[26774708.351030897, -26774709.351030897]
26774708
[45258898.313813336, -45258899.313813336]
45258898
[33069534.508745894, -33069535.508745894]
33069534
[43709459.776676215, -43709460.776676215]
43709459
[46552072.96112442, -46552073.96112442]
46552072
[4114243.491917622, -4114244.491917622]
4114243
[28869703.754017744, -28869704.754017744]
28869703
[42497425.82590395, -42497426.82590395]
42497425
[47262244.83492695, -47262245.83492695]
47262244
[29752671.7676847, -29752672.7676847]
29752671
[45584339.69113525, -45584340.69113525]
45584339
[37422780.04481949, -37422781.04481949]
37422780
[46252447.56536638, -46252448.56536638]
46252447
[29374549.279465936, -29374550.279465936]
29374549
[9044461.564900944, -9044462.564900944]
9044461
[34238335.08588461, -34238336.08588461]
34238335
[40653102.81256698, -40653103.81256698]
40653102
[15049195.358077874, -15049196.358077874]
15049195
[4482795.965447238, -4482796.965447238]
4482795
[33125261.60421337, -33125262.60421337]
33125261
[15044089.44905894, -15044090.44905894]
15044089
[26248240.060769826, -26248241.060769826]
26248240
[41522566.37653332, -41522567.37653332]
41522566
[41047470.98336351, -41047471.98336351]
41047470
[46449451.498160645, -46449452.498160645]
46449451
[47409776.17081671, -47409777.17081671]
47409776
[47399730.68895927, -47399731.68895927]
47399730
[8240844.021824705, -8240845.021824705]
8240844
[46617282.46409541, -46617283.46409541]
46617282
[28474349.148816112, -28474350.148816112]
28474349
[36682299.2266009, -36682300.2266009]
36682299
[15411103.159494547, -15411104.159494547]
15411103
[44182487.470205165, -44182488.470205165]
44182487
[37489292.5300964, -37489293.5300964]
37489292
[26461447.752900712, -26461448.752900712]
26461447
[3741017.114716382, -3741018.114716382]
3741017
[36912169.10394547, -36912170.10394547]
36912169
[46246446.66987901, -46246447.66987901]
46246446
[46375025.57986592, -46375026.57986592]
46375025
[41478833.09755737, -41478834.09755737]
41478833
[24602716.229951397, -24602717.229951397]
24602716
[36192370.30414161, -36192371.30414161]
36192370
[41860636.70812444, -41860637.70812444]
41860636
[46029708.533338636, -46029709.533338636]
46029708
[44410541.18011228, -44410542.18011228]
44410541
[8011737.6567652505, -8011738.6567652505]
8011737
[32205420.706716303, -32205421.706716303]
32205420
[46477460.69358423, -46477461.69358423]
46477460
[34044834.48733058, -34044835.48733058]
34044834
[15032432.211538285, -15032433.211538285]
15032432
[46160711.88506267, -46160712.88506267]
46160711
[40429621.62217557, -40429622.62217557]
40429621
[34556520.212444566, -34556521.212444566]
34556520
[33463514.376317047, -33463515.376317047]
33463514
[26693113.013891336, -26693114.013891336]
26693113
[6996716.394270787, -6996717.394270787]
6996716
[16935294.944938842, -16935295.944938842]
16935294
[40198736.105011836, -40198737.105011836]
40198736
[27388298.275266714, -27388299.275266714]
27388298
[20276683.75563909, -20276684.75563909]
20276683
[42664181.38395519, -42664182.38395519]
42664181
[17835155.425480615, -17835156.425480615]
17835155
[26278127.961661503, -26278128.961661503]
26278127
[33771676.98956839, -33771677.98956839]
33771676
[36566730.318629555, -36566731.318629555]
36566730
[28957321.168184064, -28957322.168184064]
28957321
[18310230.259336494, -18310231.259336494]
18310230
[31889932.796973895, -31889933.796973895]
31889932
[36213031.35341937, -36213032.35341937]
36213031
[40343459.90971446, -40343460.90971446]
40343459
[35942247.451205306, -35942248.451205306]
35942247
[15325614.183042709, -15325615.183042709]
15325614
[34745069.33830814, -34745070.33830814]
34745069
[11449701.994448066, -11449702.994448066]
11449701
[38336238.66567926, -38336239.66567926]
38336238
[36079254.060993336, -36079255.060993336]
36079254
[44733373.22171402, -44733374.22171402]
44733373
[31381468.92688003, -31381469.92688003]
31381468
[37768928.267961, -37768929.267961]
37768928
[14782906.838153353, -14782907.838153353]
14782906
[21090558.72809512, -21090559.72809512]
21090558
[36093763.23796449, -36093764.23796449]
36093763
[31012724.514489815, -31012725.514489815]
31012724
[28023381.160388425, -28023382.160388425]
28023381
[15597973.452266758, -15597974.452266758]
15597973
[20655595.084599547, -20655596.084599547]
20655595
[29863189.848403137, -29863190.848403137]
29863189
[42312448.42562807, -42312449.42562807]
42312448
[1632077.4465737075, -1632078.4465737075]
1632077
[45114075.61671349, -45114076.61671349]
45114075
[23510671.428901188, -23510672.428901188]
23510671
[42964588.10289697, -42964589.10289697]
42964588
[33945301.55671825, -33945302.55671825]
33945301
[45858845.81096775, -45858846.81096775]
45858845
[37726815.99133813, -37726816.99133813]
37726815
[18377631.644765772, -18377632.644765772]
18377631
[35384973.97621776, -35384974.97621776]
35384973
[23791390.731127076, -23791391.731127076]
23791390
[34072585.610983714, -34072586.610983714]
34072585
[18694054.78779329, -18694055.78779329]
18694054
[37240110.98137852, -37240111.98137852]
37240110
[38017597.81317142, -38017598.81317142]
38017597
[37123804.03754033, -37123805.03754033]
37123804
[31467570.934363827, -31467571.934363827]
31467570
[11280555.966972196, -11280556.966972196]
11280555
[39940354.170494854, -39940355.170494854]
39940354
[17211081.308199283, -17211082.308199283]
17211081
[30167693.716420226, -30167694.716420226]
30167693
[40926346.641202405, -40926347.641202405]
40926346
[36031081.26524568, -36031082.26524568]
36031081
[10176289.555420406, -10176290.555420406]
10176289
[7933739.583277385, -7933740.583277385]
7933739
[43982714.37788738, -43982715.37788738]
43982714
[6355143.156146748, -6355144.156146748]
6355143
[39725087.86038083, -39725088.86038083]
39725087
[45962641.68016397, -45962642.68016397]
45962641
[24986186.992041964, -24986187.992041964]
24986186
[30366245.191479053, -30366246.191479053]
30366245
[42652470.2151831, -42652471.2151831]
42652470
[44251554.28063052, -44251555.28063052]
44251554
[45651938.521626435, -45651939.521626435]
45651938
[36903651.65100682, -36903652.65100682]
36903651
[44707262.32981393, -44707263.32981393]
44707262
[21013833.969510704, -21013834.969510704]
21013833
[27569265.479831785, -27569266.479831785]
27569265
[31413090.07088443, -31413091.07088443]
31413090
[30654737.310606997, -30654738.310606997]
30654737
[42479506.304508716, -42479507.304508716]
42479506
[8918121.192866512, -8918122.192866512]
8918121
[30971307.258601256, -30971308.258601256]
30971307
[47379635.26436972, -47379636.26436972]
47379635
[26024431.531711668, -26024432.531711668]
26024431
[38543732.49916224, -38543733.49916224]
38543732
[34114333.4357709, -34114334.4357709]
34114333
[42547775.65380433, -42547776.65380433]
42547775
[30765670.391704675, -30765671.391704675]
30765670
[35993725.10009339, -35993726.10009339]
35993725
[27429057.56036026, -27429058.56036026]
27429057
[40799769.8430049, -40799770.8430049]
40799769
[39250489.60626257, -39250490.60626257]
39250489
[43155165.56146038, -43155166.56146038]
43155165
[38486433.65401976, -38486434.65401976]
38486433
[16900195.944844607, -16900196.944844607]
16900195
[31559738.45411542, -31559739.45411542]
31559738
[43232041.24032888, -43232042.24032888]
43232041
[42891670.70814268, -42891671.70814268]
42891670
[32004147.048657414, -32004148.048657414]
32004147
[42320726.85333423, -42320727.85333423]
42320726
[18631289.85565235, -18631290.85565235]
18631289
[3121854.8928249544, -3121855.8928249544]
3121854
[41630845.351045884, -41630846.351045884]
41630845
[30700141.127934556, -30700142.127934556]
30700141
[38150567.17299732, -38150568.17299732]
38150567
[37008932.220012665, -37008933.220012665]
37008932
[38287955.09338626, -38287956.09338626]
38287955
[25824268.931892015, -25824269.931892015]
25824268
[34219189.03876664, -34219190.03876664]
34219189
[45443530.05507732, -45443531.05507732]
45443530
[40630583.11576322, -40630584.11576322]
40630583
[44197335.85723782, -44197336.85723782]
44197335
[20125746.24825683, -20125747.24825683]
20125746
[39859328.95111092, -39859329.95111092]
39859328
[28063143.688596513, -28063144.688596513]
28063143
[12111917.387325948, -12111918.387325948]
12111917
[9770928.730638416, -9770929.730638416]
9770928
[13362704.453487234, -13362705.453487234]
13362704
[44491990.81898549, -44491991.81898549]
44491990
[25229502.475106787, -25229503.475106787]
25229502
[18881971.494005293, -18881972.494005293]
18881971
[44941251.781740904, -44941252.781740904]
44941251
[45596298.25738056, -45596299.25738056]
45596298
[31207886.62716486, -31207887.62716486]
31207886
[19876329.052292403, -19876330.052292403]
19876329
[43243687.432482176, -43243688.432482176]
43243687
[13837076.110458158, -13837077.110458158]
13837076
[41246365.6343225, -41246366.6343225]
41246365
[39341592.827475674, -39341593.827475674]
39341592
[44672443.43543644, -44672444.43543644]
44672443
[46480591.39275589, -46480592.39275589]
46480591
[39730232.561978765, -39730233.561978765]
39730232
[46320672.754080325, -46320673.754080325]
46320672
[26591338.491838418, -26591339.491838418]
26591338
[47085264.884823225, -47085265.884823225]
47085264
[40154195.11912897, -40154196.11912897]
40154195
[31272410.005130433, -31272411.005130433]
31272410
[46528871.09174957, -46528872.09174957]
46528871
[30080349.891641986, -30080350.891641986]
30080349
[41096720.589923196, -41096721.589923196]
41096720
[46634749.08955768, -46634750.08955768]
46634749
[46112042.991957285, -46112043.991957285]
46112042
[42417884.82353387, -42417885.82353387]
42417884
[38568052.44748409, -38568053.44748409]
38568052
[44885334.16259375, -44885335.16259375]
44885334
[28761751.002330177, -28761752.002330177]
28761751
[46766016.527358405, -46766017.527358405]
46766016
[14847175.526459383, -14847176.526459383]
14847175
[16004306.122013722, -16004307.122013722]
16004306
[22945174.097022187, -22945175.097022187]
22945174
[46457584.67246389, -46457585.67246389]
46457584
[13637102.286140693, -13637103.286140693]
13637102
[44172394.74111551, -44172395.74111551]
44172394
[33808867.511380926, -33808868.511380926]
33808867
[47207485.39128676, -47207486.39128676]
47207485
[38479400.98456257, -38479401.98456257]
38479400
[36107670.85433511, -36107671.85433511]
36107670
[21464509.011321153, -21464510.011321153]
21464509
[19989629.078555033, -19989630.078555033]
19989629
[36185628.15204976, -36185629.15204976]
36185628
[3069050.336711287, -3069051.336711287]
3069050
[40665559.73833595, -40665560.73833595]
40665559
[28845338.549512595, -28845339.549512595]
28845338
[28007074.154468577, -28007075.154468577]
28007074
[32701781.75395693, -32701782.75395693]
32701781
[28994470.47966687, -28994471.47966687]
28994470
[32444803.88590546, -32444804.88590546]
32444803
[26929939.940990176, -26929940.940990176]
26929939
[7200732.261311466, -7200733.261311466]
7200732
[32863912.812765636, -32863913.812765636]
32863912
[40927891.618561596, -40927892.618561596]
40927891
[6015800.00886665, -6015801.00886665]
6015800
[15321083.937222002, -15321084.937222002]
15321083
[43944690.74821404, -43944691.74821404]
43944690
[28414839.77518846, -28414840.77518846]
28414839
[38039610.00042808, -38039611.00042808]
38039610
[43279002.73454396, -43279003.73454396]
43279002
[38305699.02928916, -38305700.02928916]
38305699
[10368481.017248716, -10368482.017248716]
10368481
[11621554.198106801, -11621555.198106801]
11621554
[19512950.434429888, -19512951.434429888]
19512950
[16134171.41927191, -16134172.41927191]
16134171
[26657553.32867682, -26657554.32867682]
26657553
[33470042.20754763, -33470043.20754763]
33470042
[22024802.29265556, -22024803.29265556]
22024802
[36372039.31602907, -36372040.31602907]
36372039
[24316673.74307564, -24316674.74307564]
24316673
[39094528.5801367, -39094529.5801367]
39094528
[26508820.091395993, -26508821.091395993]
26508820
[28550772.227368243, -28550773.227368243]
28550772
[37479323.87870606, -37479324.87870606]
37479323
[43856751.77734521, -43856752.77734521]
43856751
[31286627.665640865, -31286628.665640865]
31286627
[41621004.35988425, -41621005.35988425]
41621004
[30348697.404352374, -30348698.404352374]
30348697
[36285886.147991754, -36285887.147991754]
36285886
[34433574.42699819, -34433575.42699819]
34433574
[46978930.67023939, -46978931.67023939]
46978930
[25058154.7999662, -25058155.7999662]
25058154
[31438625.224045355, -31438626.224045355]
31438625
[45790201.28977833, -45790202.28977833]
45790201
[9258620.850624738, -9258621.850624738]
9258620
[41250739.04848582, -41250740.04848582]
41250739
[23996295.9140189, -23996296.9140189]
23996295
[16673087.518754842, -16673088.518754842]
16673087
[39500896.06271539, -39500897.06271539]
39500896
[41125888.408792555, -41125889.408792555]
41125888
[41922337.4592279, -41922338.4592279]
41922337
[43559281.81479663, -43559282.81479663]
43559281
[35997628.24616916, -35997629.24616916]
35997628
[43669136.22074561, -43669137.22074561]
43669136
[46846531.50857754, -46846532.50857754]
46846531
[13087041.325535145, -13087042.325535145]
13087041
[37104269.90190361, -37104270.90190361]
37104269
[37573875.10108007, -37573876.10108007]
37573875
[47078873.4254554, -47078874.4254554]
47078873
[34179389.85789738, -34179390.85789738]
34179389
[43021537.98874919, -43021538.98874919]
43021537
[21495799.683389366, -21495800.683389366]
21495799
[26804541.549409207, -26804542.549409207]
26804541
[39024145.78516248, -39024146.78516248]
39024145
[15893657.591526011, -15893658.591526011]
15893657
[28363214.759346783, -28363215.759346783]
28363214
[18371108.05027013, -18371109.05027013]
18371108
[25112217.265917934, -25112218.265917934]
25112217
[39055211.28718615, -39055212.28718615]
39055211
[24896831.708817095, -24896832.708817095]
24896831
[44909924.025078714, -44909925.025078714]
44909924
[44303965.02820773, -44303966.02820773]
44303965
[32036543.833610486, -32036544.833610486]
32036543
[43849734.43856756, -43849735.43856756]
43849734
[13722328.72460492, -13722329.72460492]
13722328
[40583321.426512845, -40583322.426512845]
40583321
[42341043.29445994, -42341044.29445994]
42341043
[13912232.887783295, -13912233.887783295]
13912232
[46963965.7094548, -46963966.7094548]
46963965
[27245477.254116263, -27245478.254116263]
27245477
[23441337.52521094, -23441338.52521094]
23441337
[25202318.50864522, -25202319.50864522]
25202318
[44964590.32382699, -44964591.32382699]
44964590
[31752430.76004896, -31752431.76004896]
31752430
[9182752.69841638, -9182753.69841638]
9182752
[32654271.99329665, -32654272.99329665]
32654271
[43309563.17554575, -43309564.17554575]
43309563
[42036676.71076986, -42036677.71076986]
42036676
[26127665.196776744, -26127666.196776744]
26127665
[19628861.521774065, -19628862.521774065]
19628861
[20600273.728177406, -20600274.728177406]
20600273
[35753028.036776885, -35753029.036776885]
35753028
[25442891.921045378, -25442892.921045378]
25442891
[13982683.554915002, -13982684.554915002]
13982683
[35380662.08697666, -35380663.08697666]
35380662
[38850420.78129651, -38850421.78129651]
38850420
[41030158.11424206, -41030159.11424206]
41030158
[33164224.796862617, -33164225.796862617]
33164224
[16587159.537047157, -16587160.537047157]
16587159
[23670414.044672728, -23670415.044672728]
23670414
[37824229.493514664, -37824230.493514664]
37824229
[27360390.42421609, -27360391.42421609]
27360390
[37432599.02696994, -37432600.02696994]
37432599
[43320556.33051069, -43320557.33051069]
43320556
[10038903.311233489, -10038904.311233489]
10038903
[5796096.759536304, -5796097.759536304]
5796096
[35931812.01469077, -35931813.01469077]
35931812
[36048896.473051704, -36048897.473051704]
36048896
[42893759.38242379, -42893760.38242379]
42893759
[33120032.63662301, -33120033.63662301]
33120032
[34517460.14453615, -34517461.14453615]
34517460
[18190418.07702198, -18190419.07702198]
18190418
[36227232.58253505, -36227233.58253505]
36227232
[42309448.65755099, -42309449.65755099]
42309448
[38244991.22107441, -38244992.22107441]
38244991
[28928642.739907816, -28928643.739907816]
28928642
[40561238.63150029, -40561239.63150029]
40561238
[18741975.465141516, -18741976.465141516]
18741975
[45047548.2356801, -45047549.2356801]
45047548
[33698591.83667991, -33698592.83667991]
33698591
[14867478.518504793, -14867479.518504793]
14867478
[28255411.014582798, -28255412.014582798]
28255411
[23386514.558725834, -23386515.558725834]
23386514
[27971201.12202822, -27971202.12202822]
27971201
[24771710.921160594, -24771711.921160594]
24771710
[7641153.070059579, -7641154.070059579]
7641153
[33300752.975787517, -33300753.975787517]
33300752
[18915514.314599317, -18915515.314599317]
18915514
[38587352.13600708, -38587353.13600708]
38587352
[40856619.36728496, -40856620.36728496]
40856619
[39201336.077482484, -39201337.077482484]
39201336
[46785111.22538129, -46785112.22538129]
46785111
[16928732.57846131, -16928733.57846131]
16928732
[38255387.20145999, -38255388.20145999]
38255387
[17824479.22231325, -17824480.22231325]
17824479
[27188806.45122565, -27188807.45122565]
27188806
[39446840.74609333, -39446841.74609333]
39446840
[43152541.11123113, -43152542.11123113]
43152541
[11060250.359467078, -11060251.359467078]
11060250
[33718065.92481028, -33718066.92481028]
33718065
[18063978.6322746, -18063979.6322746]
18063978
[12256593.835279856, -12256594.835279856]
12256593
[17542236.125507142, -17542237.125507142]
17542236
[16437269.115182329, -16437270.115182329]
16437269
[27907544.01154, -27907545.01154]
27907544
[38099427.77911532, -38099428.77911532]
38099427
[47288918.52221135, -47288919.52221135]
47288918
[31122891.545836907, -31122892.545836907]
31122891
[45347958.00553796, -45347959.00553796]
45347958
[5427805.091267087, -5427806.091267087]
5427805
[12784808.460897079, -12784809.460897079]
12784808
[42894052.94055838, -42894053.94055838]
42894052
[31233594.56303218, -31233595.56303218]
31233594
[47274339.9596596, -47274340.9596596]
47274339
[34507118.31075104, -34507119.31075104]
34507118
[46184744.271433175, -46184745.271433175]
46184744
[39461635.88220078, -39461636.88220078]
39461635
[21382886.040903505, -21382887.040903505]
21382886
[17858106.544882845, -17858107.544882845]
17858106
[38911793.2115737, -38911794.2115737]
38911793
[17378485.306958508, -17378486.306958508]
17378485
[40979632.67796476, -40979633.67796476]
40979632
[45286028.10190479, -45286029.10190479]
45286028
[36059900.6609417, -36059901.6609417]
36059900
[26018526.37807502, -26018527.37807502]
26018526
[32605508.60983606, -32605509.60983606]
32605508
[41259670.11893556, -41259671.11893556]
41259670
[24147715.37436369, -24147716.37436369]
24147715
[12362191.804989446, -12362192.804989446]
12362191
[27590685.418919526, -27590686.418919526]
27590685
[25802631.778548717, -25802632.778548717]
25802631
[25488813.980815113, -25488814.980815113]
25488813
[32888021.960743822, -32888022.960743822]
32888021
[47420351.97344701, -47420352.97344701]
47420351
[47417151.48335685, -47417152.48335685]
47417151
[26947767.901686367, -26947768.901686367]
26947767
[38173594.112439714, -38173595.112439714]
38173594
[42466033.16693231, -42466034.16693231]
42466033
[22203125.482701767, -22203126.482701767]
22203125
[30690671.967981834, -30690672.967981834]
30690671
[12136933.247684637, -12136934.247684637]
12136933
[7227979.35535753, -7227980.35535753]
7227979
[26844198.72750884, -26844199.72750884]
26844198
[32499630.297055714, -32499631.297055714]
32499630
[36200551.174040936, -36200552.174040936]
36200551
[18103166.0727022, -18103167.0727022]
18103166
[39493326.373224676, -39493327.373224676]
39493326
[39694734.369281694, -39694735.369281694]
39694734
[23323290.11664529, -23323291.11664529]
23323290
[40119427.92259827, -40119428.92259827]
40119427
[23882530.948056974, -23882531.948056974]
23882530
[38180353.82121098, -38180354.82121098]
38180353
[46587695.19505792, -46587696.19505792]
46587695
[37094279.13900179, -37094280.13900179]
37094279
[32184602.733842734, -32184603.733842734]
32184602
[36477428.71344431, -36477429.71344431]
36477428
[16326626.716516651, -16326627.716516651]
16326626
[47110355.75091473, -47110356.75091473]
47110355
[39364541.420767225, -39364542.420767225]
39364541
[46181148.78978354, -46181149.78978354]
46181148
[21730496.481419414, -21730497.481419414]
21730496
[39704028.97163593, -39704029.97163593]
39704028
[30603256.051824845, -30603257.051824845]
30603256
[29014777.985601198, -29014778.985601198]
29014777
[37994409.13247257, -37994410.13247257]
37994409
[9633687.352255244, -9633688.352255244]
9633687
[41093915.02539778, -41093916.02539778]
41093915
[46680537.662807554, -46680538.662807554]
46680537
[18441833.449802343, -18441834.449802343]
18441833
[35136334.63375537, -35136335.63375537]
35136334
[34755805.76440774, -34755806.76440774]
34755805
[41990611.28996448, -41990612.28996448]
41990611
[36796695.07588752, -36796696.07588752]
36796695
[5863071.439670214, -5863072.439670214]
5863071
[46379822.42655245, -46379823.42655245]
46379822
[45573346.60487943, -45573347.60487943]
45573346
[33203535.414982673, -33203536.414982673]
33203535
[46351396.260308124, -46351397.260308124]
46351396
[33995436.55478875, -33995437.55478875]
33995436
[41625000.62320328, -41625001.62320328]
41625000
[45064061.9623611, -45064062.9623611]
45064061
[43533739.050248384, -43533740.050248384]
43533739
[39053352.680660486, -39053353.680660486]
39053352
[30975832.96799999, -30975833.96799999]
30975832
[43554858.08220341, -43554859.08220341]
43554858
[35406362.29342715, -35406363.29342715]
35406362
[33830365.980995744, -33830366.980995744]
33830365
[16905452.06039513, -16905453.06039513]
16905452
[16700381.170749212, -16700382.170749212]
16700381
[38431537.55878326, -38431538.55878326]
38431537
[46814839.74653523, -46814840.74653523]
46814839
[25700002.383431166, -25700003.383431166]
25700002
[41159299.01187107, -41159300.01187107]
41159299
[45261004.64992521, -45261005.64992521]
45261004
[42675021.56949426, -42675022.56949426]
42675021
[40375259.05860049, -40375260.05860049]
40375259
[13786856.841633309, -13786857.841633309]
13786856
[23706248.166929025, -23706249.166929025]
23706248
[43441771.22139076, -43441772.22139076]
43441771
[23292180.29350794, -23292181.29350794]
23292180
[42789886.210805446, -42789887.210805446]
42789886
[12451070.263922043, -12451071.263922043]
12451070
[40795560.28942039, -40795561.28942039]
40795560
[31654288.312596664, -31654289.312596664]
31654288
[44369300.855024986, -44369301.855024986]
44369300
[26903849.26621841, -26903850.26621841]
26903849
[46161522.402275376, -46161523.402275376]
46161522
[32224857.750241976, -32224858.750241976]
32224857
[31220206.814937778, -31220207.814937778]
31220206
[38687845.772824936, -38687846.772824936]
38687845
[25431565.986936748, -25431566.986936748]
25431565
[27513161.271608263, -27513162.271608263]
27513161
[30830354.21694337, -30830355.21694337]
30830354
[43396217.32159704, -43396218.32159704]
43396217
[38602301.272131465, -38602302.272131465]
38602301
[23478989.857676204, -23478990.857676204]
23478989
[40044770.90684799, -40044771.90684799]
40044770
[43555008.52256713, -43555009.52256713]
43555008
[44126707.72726658, -44126708.72726658]
44126707
[41190217.76513373, -41190218.76513373]
41190217
[16946821.693092845, -16946822.693092845]
16946821
[37617974.80779763, -37617975.80779763]
37617974
[46975044.07568167, -46975045.07568167]
46975044
[43400484.88946555, -43400485.88946555]
43400484
[35971620.031783774, -35971621.031783774]
35971620
[45557905.809156485, -45557906.809156485]
45557905
[33712332.40752677, -33712333.40752677]
33712332
[25268541.914334435, -25268542.914334435]
25268541
[34055387.46369377, -34055388.46369377]
34055387
[43188512.071980715, -43188513.071980715]
43188512
[19331883.17113216, -19331884.17113216]
19331883
[28957606.07268104, -28957607.07268104]
28957606
[45722940.06469214, -45722941.06469214]
45722940
[46488446.32830065, -46488447.32830065]
46488446
[46687317.80308046, -46687318.80308046]
46687317
[29253504.888790797, -29253505.888790797]
29253504
[31419803.05602788, -31419804.05602788]
31419803
[20858414.23881048, -20858415.23881048]
20858414
[37115747.647765286, -37115748.647765286]
37115747
[46262121.95738754, -46262122.95738754]
46262121
[31166313.275667798, -31166314.275667798]
31166313
[41374396.12251514, -41374397.12251514]
41374396
[22970949.398735583, -22970950.398735583]
22970949
[34858542.88186443, -34858543.88186443]
34858542
[44688080.653694175, -44688081.653694175]
44688080
[26488044.39623374, -26488045.39623374]
26488044
[21619746.315325897, -21619747.315325897]
21619746
[24506095.581432477, -24506096.581432477]
24506095
[20770100.806804363, -20770101.806804363]
20770100
[38553285.21994875, -38553286.21994875]
38553285
[22477994.02098132, -22477995.02098132]
22477994
[45528838.308582105, -45528839.308582105]
45528838
[16026632.697650598, -16026633.697650598]
16026632
[29487146.256041422, -29487147.256041422]
29487146
[19229368.55772491, -19229369.55772491]
19229368
[38070220.23940116, -38070221.23940116]
38070220
[36230724.74838754, -36230725.74838754]
36230724
[44554275.07912455, -44554276.07912455]
44554275
[37921824.683734976, -37921825.683734976]
37921824
[26531027.533405155, -26531028.533405155]
26531027
[44144481.97246172, -44144482.97246172]
44144481
[10629260.206535721, -10629261.206535721]
10629260
[20124243.3635761, -20124244.3635761]
20124243
[32611994.992372807, -32611995.992372807]
32611994
[38708745.27761995, -38708746.27761995]
38708745
[29953488.33817016, -29953489.33817016]
29953488
[41610317.53136167, -41610318.53136167]
41610317
[19995389.56956949, -19995390.56956949]
19995389
[37793701.40740039, -37793702.40740039]
37793701
[45401397.08053686, -45401398.08053686]
45401397
[33015371.525058754, -33015372.525058754]
33015371
[23458814.49946321, -23458815.49946321]
23458814
[46138452.42630192, -46138453.42630192]
46138452
[44953345.46796937, -44953346.46796937]
44953345
[41024529.44540489, -41024530.44540489]
41024529
[21676861.13336428, -21676862.13336428]
21676861
[44686313.870059565, -44686314.870059565]
44686313
[25329381.73150439, -25329382.73150439]
25329381
[43128419.48626451, -43128420.48626451]
43128419
[15150822.076930279, -15150823.076930279]
15150822
[46856024.16487634, -46856025.16487634]
46856024
[23446350.226207398, -23446351.226207398]
23446350
[18345646.217931975, -18345647.217931975]
18345646
[27485590.016325425, -27485591.016325425]
27485590
[32486615.622821197, -32486616.622821197]
32486615
[31502190.760977674, -31502191.760977674]
31502190
[26743308.99979109, -26743309.99979109]
26743308
[35339031.87638261, -35339032.87638261]
35339031
[25764455.040325556, -25764456.040325556]
25764455
[44046983.66667316, -44046984.66667316]
44046983
[6650072.407986366, -6650073.407986366]
6650072
[34193875.52200503, -34193876.52200503]
34193875
[30875119.246815465, -30875120.246815465]
30875119
[8442633.866863003, -8442634.866863003]
8442633
[18040285.60218331, -18040286.60218331]
18040285
[29292512.539485607, -29292513.539485607]
29292512
[36410341.34412495, -36410342.34412495]
36410341
[27655994.382428516, -27655995.382428516]
27655994
[20884406.197894156, -20884407.197894156]
20884406
[43421841.21312012, -43421842.21312012]
43421841
[47117754.19459221, -47117755.19459221]
47117754
[19548853.495539743, -19548854.495539743]
19548853
[31163117.334610842, -31163118.334610842]
31163117
[35803168.82776894, -35803169.82776894]
35803168
[25205252.91343777, -25205253.91343777]
25205252
[19907382.716725353, -19907383.716725353]
19907382
[27740860.181398842, -27740861.181398842]
27740860
[45142741.02786018, -45142742.02786018]
45142741
[30115333.1327023, -30115334.1327023]
30115333
[23645178.612162, -23645179.612162]
23645178
[37613368.93338451, -37613369.93338451]
37613368
[28691957.195434347, -28691958.195434347]
28691957
[41836307.75458425, -41836308.75458425]
41836307
[43460373.953941286, -43460374.953941286]
43460373
[35484179.446803845, -35484180.446803845]
35484179
[34531453.02282614, -34531454.02282614]
34531453
[42751552.62718477, -42751553.62718477]
42751552
[26990391.295567773, -26990392.295567773]
26990391
[21727767.9665221, -21727768.9665221]
21727767
[31107665.782593787, -31107666.782593787]
31107665
[28015110.377682105, -28015111.377682105]
28015110
[7233368.0309617845, -7233369.0309617845]
7233368
[38250262.18905606, -38250263.18905606]
38250262
[42752002.348278776, -42752003.348278776]
42752002
[11125375.723542657, -11125376.723542657]
11125375
[43116577.89753934, -43116578.89753934]
43116577
[15226579.82425358, -15226580.82425358]
15226579
[25119923.371011317, -25119924.371011317]
25119923
[15380305.591548186, -15380306.591548186]
15380305
[45716558.17251911, -45716559.17251911]
45716558
[20457292.200261887, -20457293.200261887]
20457292
[21927713.602867365, -21927714.602867365]
21927713
[39323820.051278636, -39323821.051278636]
39323820
[22655816.85793631, -22655817.85793631]
22655816
[27117894.332856923, -27117895.332856923]
27117894
[11033380.164453676, -11033381.164453676]
11033380
[34263911.95541505, -34263912.95541505]
34263911
[44791416.04778559, -44791417.04778559]
44791416
[43702312.585160084, -43702313.585160084]
43702312
[41669363.942626506, -41669364.942626506]
41669363
[36166639.595822066, -36166640.595822066]
36166639
[43019808.39267571, -43019809.39267571]
43019808
[12416172.752262399, -12416173.752262399]
12416172
[31513137.092363194, -31513138.092363194]
31513137
[28236649.023775943, -28236650.023775943]
28236649
[12874122.201369995, -12874123.201369995]
12874122
[39607105.242047556, -39607106.242047556]
39607105
[7330104.707024402, -7330105.707024402]
7330104
[42639759.08873617, -42639760.08873617]
42639759
[45942485.89865074, -45942486.89865074]
45942485
[18630322.863753304, -18630323.863753304]
18630322
[30954602.10454872, -30954603.10454872]
30954602
[35686910.104374036, -35686911.104374036]
35686910
[27563724.687274348, -27563725.687274348]
27563724
[34853877.84863306, -34853878.84863306]
34853877
[45262503.408157095, -45262504.408157095]
45262503
[35103845.139171734, -35103846.139171734]
35103845
[37150556.06203371, -37150557.06203371]
37150556
[23863170.33086676, -23863171.33086676]
23863170
[20848707.629250556, -20848708.629250556]
20848707
[24469243.78328922, -24469244.78328922]
24469243
[44129068.014373295, -44129069.014373295]
44129068
[28436092.69204321, -28436093.69204321]
28436092
[24446599.11936196, -24446600.11936196]
24446599
[42900158.57202473, -42900159.57202473]
42900158
[17226982.818036802, -17226983.818036802]
17226982
[10040990.58419444, -10040991.58419444]
10040990
[42457620.24939014, -42457621.24939014]
42457620
[29630456.886507556, -29630457.886507556]
29630456
[24744704.68621857, -24744705.68621857]
24744704
[40434558.13193086, -40434559.13193086]
40434558
[43068540.84873126, -43068541.84873126]
43068540
[34853791.874455445, -34853792.874455445]
34853791
[14858425.912091903, -14858426.912091903]
14858425
[11587787.490901552, -11587788.490901552]
11587787
[44979155.13486916, -44979156.13486916]
44979155
[21353402.781661924, -21353403.781661924]
21353402
[47243653.46595738, -47243654.46595738]
47243653
[27438987.374571726, -27438988.374571726]
27438987
[27712268.471439496, -27712269.471439496]
27712268
[42795321.90166325, -42795322.90166325]
42795321
[31127018.47227764, -31127019.47227764]
31127018
[42510851.30206158, -42510852.30206158]
42510851
[42491106.74358983, -42491107.74358983]
42491106
[35947570.112219125, -35947571.112219125]
35947570
[14067299.543023404, -14067300.543023404]
14067299
[26722353.57667854, -26722354.57667854]
26722353
[36904472.67513071, -36904473.67513071]
36904472
[7343130.857720918, -7343131.857720918]
7343130
[12690426.049694862, -12690427.049694862]
12690426
[29135631.82930355, -29135632.82930355]
29135631
[16413979.468253715, -16413980.468253715]
16413979
[27850910.69847651, -27850911.69847651]
27850910
[35697289.32727849, -35697290.32727849]
35697289
[6123819.441033721, -6123820.441033721]
6123819
[44004458.62411121, -44004459.62411121]
44004458
[15080442.196585743, -15080443.196585743]
15080442
[40554196.05314745, -40554197.05314745]
40554196
[43677547.61137867, -43677548.61137867]
43677547
[36160687.1944913, -36160688.1944913]
36160687
[39364341.687807865, -39364342.687807865]
39364341
[41757018.386010006, -41757019.386010006]
41757018
[46996220.55205241, -46996221.55205241]
46996220
[13527002.350588975, -13527003.350588975]
13527002
[16216846.270937938, -16216847.270937938]
16216846
[23279813.494153995, -23279814.494153995]
23279813
[25335337.814141657, -25335338.814141657]
25335337
[40315877.694506645, -40315878.694506645]
40315877
[32892299.50404563, -32892300.50404563]
32892299
[38214345.22930258, -38214346.22930258]
38214345
[34228294.10862385, -34228295.10862385]
34228294
[42548941.35617668, -42548942.35617668]
42548941
[1414213561.873095, -1414213562.873095]
1414213561
[1414213561.873095, -1414213562.873095]
1414213561
[1414213561.873095, -1414213562.873095]
1414213561
[1414213561.873095, -1414213562.873095]
1414213561
[1414213561.873095, -1414213562.873095]
1414213561
[1414213561.873095, -1414213562.873095]
1414213561
[1414213561.873095, -1414213562.873095]
1414213561
[1414213561.873095, -1414213562.873095]
1414213561
[1414213561.873095, -1414213562.873095]
1414213561
[1414213561.873095, -1414213562.873095]
1414213561
[1414213561.873095, -1414213562.873095]
1414213561
[1414213561.873095, -1414213562.873095]
1414213561
[1414213561.873095, -1414213562.873095]
1414213561
[1414213561.873095, -1414213562.873095]
1414213561
[1414213561.873095, -1414213562.873095]
1414213561
[1414213561.873095, -1414213562.873095]
1414213561
[1414213561.873095, -1414213562.873095]
1414213561
[1414213561.873095, -1414213562.873095]
1414213561
[1414213561.873095, -1414213562.873095]
1414213561
[1414213561.873095, -1414213562.873095]
1414213561
[1414213561.873095, -1414213562.873095]
1414213561
[1414213561.873095, -1414213562.873095]
1414213561
[1414213561.873095, -1414213562.873095]
1414213561
[1414213561.873095, -1414213562.873095]
1414213561
