	 [['A', 'B'], ['B', 'B']]
i 0
	 0
	 1
	 2
i 1
	 0
	 1
	 2
i 2
	 0
	 1
	 2
[['B', 'A'], ['B', 'B']]
i 0
	 0
	 1
	 2
i 1
	 0
	 1
	 2
i 2
	 0
	 1
	 2
[['B', 'B'], ['B', 'A']]
i 0
	 0
	 1
	 2
i 1
	 0
	 1
	 2
i 2
	 0
	 1
	 2
[['B', 'B'], ['A', 'B']]
i 0
	 0
	 1
	 2
i 1
	 0
	 1
	 2
i 2
	 0
	 1
	 2
[['A', 'B'], ['B', 'B']]
0 1 0 0
	 [['B', 'C'], ['C', 'D']]
i 0
	 0
	 1
	 2
	 3
	 4
i 1
	 0
	 1
	 2
	 3
	 4
i 2
	 0
	 1
	 2
	 3
	 4
i 3
	 0
	 1
	 2
	 3
	 4
i 4
	 0
	 1
	 2
	 3
	 4
[['C', 'B'], ['D', 'C']]
i 0
	 0
	 1
	 2
	 3
	 4
i 1
	 0
	 1
	 2
	 3
	 4
i 2
	 0
	 1
	 2
	 3
	 4
i 3
	 0
	 1
	 2
	 3
	 4
i 4
	 0
	 1
	 2
	 3
	 4
[['D', 'C'], ['C', 'B']]
i 0
	 0
	 1
	 2
	 3
	 4
i 1
	 0
	 1
	 2
	 3
	 4
i 2
	 0
	 1
	 2
	 3
	 4
i 3
	 0
	 1
	 2
	 3
	 4
i 4
	 0
	 1
	 2
	 3
	 4
[['C', 'D'], ['B', 'C']]
i 0
	 0
	 1
	 2
	 3
	 4
i 1
	 0
	 1
	 2
	 3
	 4
i 2
	 0
	 1
	 2
	 3
	 4
i 3
	 0
	 1
	 2
	 3
	 4
i 4
	 0
	 1
	 2
	 3
	 4
[['B', 'C'], ['C', 'D']]
1 0 1 0
